12.67251719017706     18.317312997614817    1.693
16.09159200456884     13.862984378674376    1.444
21.452185950885234     10.302800282191694   1.1462
26.82374505996575     8.78084644068936      1.019
27.036195088520866     8.271557630933586    0.84976000
31.540592575671067     5.5595611247354455   0.6794
37.12345950885211     3.3160028219168964    0.464
42.92585813820676     1.8795127490173797    0.3395
47.87160342661339     1.2062840057782225    0.25510000
53.0341391205026     0.8305659287130069     0.25510000
58.19941610508283     0.964405415392882     0.25510000
63.58034129069105     1.1834399166862681    0.25510000
68.74379074814395     0.9775743608694185    0.25510000
73.47662912621362     0.7287081667618551    0.25510000
79.07068966304973     0.5658432492357335    0.25510000
84.01917624214738     0.40217206974166686   0.25510000
