12.607961102672606       5.121637431539038  0.515     
15.385979036371063       4.6179630459526235 0.435
21.037830506323594       5.1446355556789385 0.505
26.32101399558202       5.311928170025104   0.5438
25.94980785323081       4.991382147998619   0.498
32.47478693322652       4.159202224064152   0.4079
36.45906619446284       3.199729527148415   0.3103
41.631839651637314       2.056295632379011  0.214
46.953095565752264       1.6410801464202    0.155
52.471059008292656       1.2162394755523476 0.142
57.570860317825435       1.1892794397008144 0.14
62.875618181169216       1.026484130540827  0.136
67.7939409322192       0.7761460394763446   0.1
72.70020741539791       0.7102688468417737  0.07
78.01067614247017       0.460097322636039   0.07
83.11618831573143       0.3457610717387585  0.07
88.21979686774986       0.26055022585672827 0.07
92.92237587794615       0.31109136985377717 0.07
103.1067495270691       0.49017453827270163 0.07
113.10837553688066       0.46529658815550956    0.07   
122.91773580116677       0.3820845445784471 0.07
132.5335612390988       0.2599553442183451  0.07
141.55545684926886       0.22495250861586857    0.07
151.1617641809868       0.24845033333201183 0.07
160.77187875519036       0.21369734801765627    0.07

