Channel, mod_0_Entries, mod_0_OnOff, mod_1_Entries, mod_1_OnOff, mod_2_Entries, mod_2_OnOff,
0, 0, 0, 0, 0, 0, 0
1, 0, 0, 0, 0, 0, 0
2, 0, 0, 0, 0, 0, 0
3, 0, 0, 0, 0, 0, 0
4, 0, 0, 0, 0, 0, 0
5, 0, 0, 0, 0, 0, 0
6, 0, 0, 0, 0, 0, 0
7, 0, 0, 0, 0, 0, 0
8, 0, 0, 0, 0, 0, 0
9, 0, 0, 0, 0, 0, 0
10, 0, 0, 0, 0, 0, 0
11, 0, 0, 0, 0, 0, 0
12, 0, 0, 0, 0, 0, 0
13, 0, 0, 0, 0, 0, 0
14, 0, 0, 0, 0, 0, 0
15, 0, 0, 0, 0, 0, 0
16, 0, 0, 0, 0, 0, 0
17, 0, 0, 0, 0, 0, 0
18, 0, 0, 0, 0, 0, 0
19, 0, 0, 0, 0, 0, 0
20, 0, 0, 0, 0, 0, 0
21, 30, 1, 0, 0, 36, 1
22, 30, 1, 0, 0, 32, 1
23, 24, 1, 0, 0, 32, 1
24, 29, 1, 0, 0, 29, 1
25, 23, 1, 0, 0, 28, 1
26, 29, 1, 0, 0, 28, 1
27, 34, 1, 0, 0, 38, 1
28, 26, 1, 0, 0, 21, 1
29, 26, 1, 0, 0, 32, 1
30, 27, 1, 0, 0, 37, 1
31, 45, 1, 0, 0, 66, 1
32, 22, 1, 0, 0, 26, 1
33, 28, 1, 0, 0, 34, 1
34, 24, 1, 0, 0, 31, 1
35, 27, 1, 0, 0, 37, 1
36, 28, 1, 0, 0, 26, 1
37, 20, 1, 0, 0, 29, 1
38, 31, 1, 0, 0, 29, 1
39, 25, 1, 0, 0, 31, 1
40, 29, 1, 0, 0, 52, 1
41, 34, 1, 0, 0, 47, 1
42, 48, 1, 0, 0, 47, 1
43, 58, 1, 0, 0, 67, 1
44, 61, 1, 0, 0, 77, 1
45, 75, 1, 0, 0, 77, 1
46, 77, 1, 0, 0, 85, 1
47, 74, 1, 0, 0, 84, 1
48, 64, 1, 0, 0, 78, 1
49, 62, 1, 0, 0, 82, 1
50, 54, 1, 0, 0, 69, 1
51, 106, 1, 0, 0, 106, 1
52, 49, 1, 0, 0, 45, 1
53, 58, 1, 0, 0, 41, 1
54, 43, 1, 0, 0, 41, 1
55, 34, 1, 0, 0, 47, 1
56, 51, 1, 0, 0, 39, 1
57, 52, 1, 0, 0, 34, 1
58, 45, 1, 0, 0, 42, 1
59, 38, 1, 0, 0, 40, 1
60, 35, 1, 0, 0, 52, 1
61, 32, 1, 0, 0, 32, 1
62, 40, 1, 0, 0, 40, 1
63, 31, 1, 0, 0, 32, 1
64, 30, 1, 0, 0, 38, 1
65, 31, 1, 0, 0, 28, 1
66, 26, 1, 0, 0, 32, 1
67, 16, 1, 0, 0, 39, 1
68, 26, 1, 0, 0, 32, 1
69, 25, 1, 0, 0, 0, 0
70, 24, 1, 0, 0, 41, 1
71, 54, 1, 0, 0, 67, 1
72, 28, 1, 0, 0, 35, 1
73, 19, 1, 0, 0, 32, 1
74, 25, 1, 0, 0, 38, 1
75, 20, 1, 0, 0, 30, 1
76, 37, 1, 0, 0, 37, 1
77, 30, 1, 0, 0, 28, 1
78, 27, 1, 0, 0, 32, 1
79, 13, 1, 0, 0, 35, 1
80, 21, 1, 0, 0, 32, 1
81, 29, 1, 0, 0, 23, 1
82, 35, 1, 0, 0, 24, 1
83, 25, 1, 0, 0, 30, 1
84, 24, 1, 0, 0, 23, 1
85, 29, 1, 0, 0, 27, 1
86, 37, 1, 0, 0, 36, 1
87, 29, 1, 0, 0, 43, 1
88, 24, 1, 0, 0, 24, 1
89, 28, 1, 0, 0, 25, 1
90, 25, 1, 0, 0, 31, 1
91, 18, 1, 0, 0, 31, 1
92, 60, 1, 0, 0, 57, 1
93, 22, 1, 0, 0, 31, 1
94, 21, 1, 0, 0, 35, 1
95, 28, 1, 0, 0, 30, 1
96, 23, 1, 0, 0, 25, 1
97, 25, 1, 0, 0, 27, 1
98, 25, 1, 0, 0, 33, 1
99, 26, 1, 0, 0, 31, 1
100, 26, 1, 0, 0, 32, 1
101, 24, 1, 0, 0, 0, 0
102, 24, 1, 0, 0, 0, 0
103, 30, 1, 0, 0, 33, 1
104, 34, 1, 0, 0, 22, 1
105, 23, 1, 0, 0, 30, 1
106, 28, 1, 0, 0, 45, 1
107, 30, 1, 0, 0, 25, 1
108, 29, 1, 0, 0, 37, 1
109, 33, 1, 0, 0, 30, 1
110, 34, 1, 0, 0, 27, 1
111, 32, 1, 0, 0, 35, 1
112, 66, 1, 0, 0, 55, 1
113, 24, 1, 0, 0, 38, 1
114, 27, 1, 0, 0, 30, 1
115, 25, 1, 0, 0, 34, 1
116, 27, 1, 0, 0, 35, 1
117, 27, 1, 0, 0, 29, 1
118, 35, 1, 0, 0, 27, 1
119, 29, 1, 0, 0, 31, 1
120, 27, 1, 0, 0, 36, 1
121, 36, 1, 0, 0, 34, 1
122, 31, 1, 0, 0, 37, 1
123, 28, 1, 0, 0, 29, 1
124, 38, 1, 0, 0, 30, 1
125, 21, 1, 0, 0, 22, 1
126, 36, 1, 0, 0, 45, 1
127, 28, 1, 0, 0, 29, 1
128, 33, 1, 0, 0, 31, 1
129, 30, 1, 0, 0, 42, 1
130, 34, 1, 0, 0, 47, 1
131, 36, 1, 0, 0, 35, 1
132, 56, 1, 0, 0, 91, 1
133, 30, 1, 0, 0, 32, 1
134, 37, 1, 0, 0, 34, 1
135, 28, 1, 0, 0, 31, 1
136, 28, 1, 0, 0, 40, 1
137, 31, 1, 0, 0, 34, 1
138, 33, 1, 0, 0, 23, 1
139, 25, 1, 0, 0, 33, 1
140, 23, 1, 0, 0, 28, 1
141, 31, 1, 0, 0, 33, 1
142, 33, 1, 0, 0, 40, 1
143, 0, 0, 0, 0, 0, 0
144, 0, 0, 0, 0, 0, 0
145, 0, 0, 0, 0, 0, 0
146, 31, 1, 0, 0, 53, 1
147, 54, 1, 0, 0, 70, 1
148, 79, 1, 0, 0, 77, 1
149, 62, 1, 0, 0, 98, 1
150, 74, 1, 0, 0, 100, 1
151, 71, 1, 0, 0, 94, 1
152, 77, 1, 0, 0, 84, 1
153, 73, 1, 0, 0, 81, 1
154, 83, 1, 0, 0, 76, 1
155, 64, 1, 0, 0, 96, 1
156, 58, 1, 0, 0, 77, 1
157, 74, 1, 0, 0, 96, 1
158, 70, 1, 0, 0, 99, 1
159, 86, 1, 0, 0, 92, 1
160, 81, 1, 0, 0, 100, 1
161, 76, 1, 0, 0, 106, 1
162, 75, 1, 0, 0, 115, 1
163, 71, 1, 0, 0, 111, 1
164, 59, 1, 0, 0, 114, 1
165, 81, 1, 0, 0, 97, 1
166, 184, 1, 0, 0, 209, 1
167, 83, 1, 0, 0, 99, 1
168, 69, 1, 0, 0, 98, 1
169, 83, 1, 0, 0, 85, 1
170, 83, 1, 0, 0, 82, 1
171, 72, 1, 0, 0, 81, 1
172, 67, 1, 0, 0, 66, 1
173, 78, 1, 0, 0, 82, 1
174, 77, 1, 0, 0, 86, 1
175, 77, 1, 0, 0, 93, 1
176, 66, 1, 0, 0, 88, 1
177, 77, 1, 0, 0, 95, 1
178, 67, 1, 0, 0, 97, 1
179, 73, 1, 0, 0, 96, 1
180, 83, 1, 0, 0, 102, 1
181, 65, 1, 0, 0, 95, 1
182, 75, 1, 0, 0, 77, 1
183, 73, 1, 0, 0, 87, 1
184, 96, 1, 0, 0, 90, 1
185, 74, 1, 0, 0, 110, 1
186, 69, 1, 0, 0, 100, 1
187, 129, 1, 0, 0, 262, 1
188, 102, 1, 0, 0, 113, 1
189, 71, 1, 0, 0, 139, 1
190, 111, 1, 0, 0, 130, 1
191, 99, 1, 0, 0, 135, 1
192, 87, 1, 0, 0, 126, 1
193, 66, 1, 0, 0, 111, 1
194, 78, 1, 0, 0, 108, 1
195, 93, 1, 0, 0, 120, 1
196, 86, 1, 0, 0, 102, 1
197, 66, 1, 0, 0, 107, 1
198, 84, 1, 0, 0, 98, 1
199, 87, 1, 0, 0, 110, 1
200, 74, 1, 0, 0, 102, 1
201, 80, 1, 0, 0, 103, 1
202, 87, 1, 0, 0, 120, 1
203, 85, 1, 0, 0, 90, 1
204, 84, 1, 0, 0, 100, 1
205, 63, 1, 0, 0, 111, 1
206, 66, 1, 0, 0, 88, 1
207, 161, 1, 0, 0, 194, 1
208, 95, 1, 0, 0, 93, 1
209, 76, 1, 0, 0, 90, 1
210, 92, 1, 0, 0, 92, 1
211, 77, 1, 0, 0, 82, 1
212, 63, 1, 0, 0, 94, 1
213, 68, 1, 0, 0, 97, 1
214, 64, 1, 0, 0, 84, 1
215, 69, 1, 0, 0, 87, 1
216, 74, 1, 0, 0, 81, 1
217, 58, 1, 0, 0, 85, 1
218, 62, 1, 0, 0, 75, 1
219, 65, 1, 0, 0, 88, 1
220, 69, 1, 0, 0, 74, 1
221, 62, 1, 0, 0, 82, 1
222, 85, 1, 0, 0, 93, 1
223, 67, 1, 0, 0, 87, 1
224, 76, 1, 0, 0, 78, 1
225, 46, 1, 0, 0, 79, 1
226, 80, 1, 0, 0, 101, 1
227, 138, 1, 0, 0, 162, 1
228, 59, 1, 0, 0, 77, 1
229, 62, 1, 0, 0, 84, 1
230, 68, 1, 0, 0, 81, 1
231, 57, 1, 0, 0, 86, 1
232, 75, 1, 0, 0, 77, 1
233, 60, 1, 0, 0, 68, 1
234, 58, 1, 0, 0, 86, 1
235, 51, 1, 0, 0, 75, 1
236, 64, 1, 0, 0, 68, 1
237, 63, 1, 0, 0, 88, 1
238, 62, 1, 0, 0, 70, 1
239, 67, 1, 0, 0, 74, 1
240, 58, 1, 0, 0, 84, 1
241, 56, 1, 0, 0, 69, 1
242, 65, 1, 0, 0, 83, 1
243, 68, 1, 0, 0, 60, 1
244, 46, 1, 0, 0, 62, 1
245, 53, 1, 0, 0, 89, 1
246, 58, 1, 0, 0, 65, 1
247, 59, 1, 0, 0, 102, 1
248, 116, 1, 0, 0, 159, 1
249, 50, 1, 0, 0, 67, 1
250, 66, 1, 0, 0, 95, 1
251, 54, 1, 0, 0, 81, 1
252, 80, 1, 0, 0, 87, 1
253, 55, 1, 0, 0, 77, 1
254, 66, 1, 0, 0, 103, 1
255, 62, 1, 0, 0, 65, 1
256, 66, 1, 0, 0, 68, 1
257, 50, 1, 0, 0, 64, 1
258, 68, 1, 0, 0, 66, 1
259, 58, 1, 0, 0, 80, 1
260, 62, 1, 0, 0, 74, 1
261, 66, 1, 0, 0, 96, 1
262, 43, 1, 0, 0, 81, 1
263, 61, 1, 0, 0, 65, 1
264, 54, 1, 0, 0, 78, 1
265, 49, 1, 0, 0, 75, 1
266, 52, 1, 0, 0, 84, 1
267, 59, 1, 0, 0, 68, 1
268, 63, 1, 0, 0, 72, 1
269, 0, 0, 0, 0, 0, 0
270, 0, 0, 0, 0, 0, 0
271, 0, 0, 0, 0, 0, 0
272, 68, 1, 45, 1, 79, 1
273, 63, 1, 49, 1, 69, 1
274, 64, 1, 36, 1, 76, 1
275, 58, 1, 48, 1, 0, 0
276, 65, 1, 50, 1, 58, 1
277, 66, 1, 43, 1, 77, 1
278, 48, 1, 52, 1, 68, 1
279, 65, 1, 52, 1, 67, 1
280, 57, 1, 51, 1, 62, 1
281, 66, 1, 52, 1, 72, 1
282, 125, 1, 87, 1, 135, 1
283, 55, 1, 48, 1, 76, 1
284, 73, 1, 45, 1, 77, 1
285, 63, 1, 44, 1, 69, 1
286, 53, 1, 36, 1, 76, 1
287, 53, 1, 44, 1, 76, 1
288, 57, 1, 45, 1, 69, 1
289, 66, 1, 49, 1, 58, 1
290, 53, 1, 43, 1, 73, 1
291, 46, 1, 36, 1, 76, 1
292, 52, 1, 49, 1, 61, 1
293, 59, 1, 46, 1, 59, 1
294, 60, 1, 44, 1, 70, 1
295, 53, 1, 45, 1, 66, 1
296, 57, 1, 25, 1, 66, 1
297, 61, 1, 40, 1, 59, 1
298, 49, 1, 26, 1, 61, 1
299, 58, 1, 35, 1, 71, 1
300, 53, 1, 51, 1, 65, 1
301, 60, 1, 44, 1, 69, 1
302, 108, 1, 89, 1, 142, 1
303, 57, 1, 55, 1, 69, 1
304, 66, 1, 51, 1, 82, 1
305, 76, 1, 47, 1, 78, 1
306, 71, 1, 33, 1, 62, 1
307, 63, 1, 49, 1, 57, 1
308, 59, 1, 36, 1, 67, 1
309, 48, 1, 47, 1, 70, 1
310, 57, 1, 35, 1, 58, 1
311, 54, 1, 38, 1, 77, 1
312, 58, 1, 35, 1, 58, 1
313, 52, 1, 40, 1, 79, 1
314, 55, 1, 42, 1, 64, 1
315, 51, 1, 32, 1, 75, 1
316, 61, 1, 41, 1, 62, 1
317, 45, 1, 45, 1, 67, 1
318, 53, 1, 44, 1, 62, 1
319, 54, 1, 46, 1, 67, 1
320, 60, 1, 36, 1, 71, 1
321, 53, 1, 44, 1, 67, 1
322, 114, 1, 81, 1, 152, 1
323, 64, 1, 39, 1, 87, 1
324, 0, 0, 42, 1, 83, 1
325, 61, 1, 45, 1, 0, 0
326, 64, 1, 42, 1, 68, 1
327, 63, 1, 53, 1, 73, 1
328, 53, 1, 33, 1, 84, 1
329, 59, 1, 36, 1, 66, 1
330, 61, 1, 31, 1, 63, 1
331, 63, 1, 41, 1, 55, 1
332, 49, 1, 44, 1, 79, 1
333, 41, 1, 30, 1, 80, 1
334, 71, 1, 38, 1, 70, 1
335, 59, 1, 30, 1, 72, 1
336, 62, 1, 48, 1, 71, 1
337, 68, 1, 40, 1, 79, 1
338, 68, 1, 32, 1, 91, 1
339, 58, 1, 42, 1, 56, 1
340, 62, 1, 38, 1, 63, 1
341, 45, 1, 32, 1, 69, 1
342, 51, 1, 30, 1, 63, 1
343, 89, 1, 66, 1, 115, 1
344, 51, 1, 21, 1, 46, 1
345, 67, 1, 24, 1, 58, 1
346, 55, 1, 27, 1, 53, 1
347, 50, 1, 37, 1, 58, 1
348, 68, 1, 31, 1, 68, 1
349, 62, 1, 28, 1, 57, 1
350, 45, 1, 32, 1, 56, 1
351, 50, 1, 26, 1, 48, 1
352, 45, 1, 37, 1, 70, 1
353, 57, 1, 27, 1, 65, 1
354, 52, 1, 38, 1, 65, 1
355, 50, 1, 33, 1, 62, 1
356, 46, 1, 34, 1, 63, 1
357, 67, 1, 27, 1, 77, 1
358, 48, 1, 36, 1, 43, 1
359, 68, 1, 38, 1, 79, 1
360, 57, 1, 36, 1, 59, 1
361, 66, 1, 30, 1, 55, 1
362, 58, 1, 27, 1, 68, 1
363, 109, 1, 68, 1, 125, 1
364, 51, 1, 22, 1, 58, 1
365, 45, 1, 36, 1, 56, 1
366, 56, 1, 31, 1, 38, 1
367, 56, 1, 20, 1, 60, 1
368, 51, 1, 25, 1, 55, 1
369, 61, 1, 40, 1, 61, 1
370, 47, 1, 47, 1, 63, 1
371, 61, 1, 31, 1, 65, 1
372, 50, 1, 24, 1, 57, 1
373, 48, 1, 23, 1, 59, 1
374, 40, 1, 30, 1, 67, 1
375, 45, 1, 34, 1, 62, 1
376, 54, 1, 33, 1, 70, 1
377, 52, 1, 30, 1, 48, 1
378, 62, 1, 37, 1, 68, 1
379, 62, 1, 38, 1, 75, 1
380, 58, 1, 38, 1, 57, 1
381, 52, 1, 29, 1, 51, 1
382, 44, 1, 31, 1, 51, 1
383, 92, 1, 62, 1, 130, 1
384, 43, 1, 30, 1, 59, 1
385, 49, 1, 35, 1, 61, 1
386, 60, 1, 19, 1, 63, 1
387, 59, 1, 31, 1, 54, 1
388, 55, 1, 12, 1, 49, 1
389, 54, 1, 35, 1, 50, 1
390, 53, 1, 32, 1, 51, 1
391, 52, 1, 34, 1, 75, 1
392, 56, 1, 30, 1, 54, 1
393, 64, 1, 32, 1, 60, 1
394, 0, 0, 0, 0, 0, 0
395, 0, 0, 0, 0, 0, 0
396, 0, 0, 0, 0, 0, 0
397, 52, 1, 37, 1, 58, 1
398, 39, 1, 39, 1, 56, 1
399, 47, 1, 27, 1, 62, 1
400, 60, 1, 26, 1, 51, 1
401, 58, 1, 32, 1, 44, 1
402, 62, 1, 33, 1, 59, 1
403, 65, 1, 23, 1, 58, 1
404, 47, 1, 25, 1, 62, 1
405, 50, 1, 0, 0, 51, 1
406, 60, 1, 29, 1, 59, 1
407, 57, 1, 28, 1, 49, 1
408, 46, 1, 24, 1, 57, 1
409, 54, 1, 27, 1, 49, 1
410, 49, 1, 25, 1, 45, 1
411, 56, 1, 18, 1, 54, 1
412, 54, 1, 22, 1, 44, 1
413, 58, 1, 37, 1, 52, 1
414, 51, 1, 20, 1, 52, 1
415, 46, 1, 28, 1, 38, 1
416, 59, 1, 41, 1, 49, 1
417, 103, 1, 15, 1, 124, 1
418, 63, 1, 39, 1, 63, 1
419, 54, 1, 28, 1, 56, 1
420, 42, 1, 28, 1, 47, 1
421, 45, 1, 31, 1, 45, 1
422, 54, 1, 24, 1, 59, 1
423, 54, 1, 24, 1, 50, 1
424, 66, 1, 23, 1, 46, 1
425, 42, 1, 28, 1, 52, 1
426, 38, 1, 20, 1, 58, 1
427, 70, 1, 25, 1, 43, 1
428, 58, 1, 0, 0, 34, 1
429, 45, 1, 25, 1, 86, 1
430, 55, 1, 30, 1, 43, 1
431, 46, 1, 31, 1, 46, 1
432, 60, 1, 27, 1, 44, 1
433, 53, 1, 24, 1, 51, 1
434, 53, 1, 22, 1, 67, 1
435, 58, 1, 20, 1, 63, 1
436, 53, 1, 27, 1, 46, 1
437, 43, 1, 25, 1, 43, 1
438, 107, 1, 43, 1, 101, 1
439, 61, 1, 30, 1, 56, 1
440, 50, 1, 30, 1, 58, 1
441, 40, 1, 0, 0, 45, 1
442, 54, 1, 29, 1, 60, 1
443, 54, 1, 30, 1, 45, 1
444, 49, 1, 25, 1, 48, 1
445, 48, 1, 30, 1, 41, 1
446, 50, 1, 35, 1, 45, 1
447, 66, 1, 26, 1, 69, 1
448, 49, 1, 19, 1, 45, 1
449, 64, 1, 21, 1, 34, 1
450, 55, 1, 22, 1, 48, 1
451, 54, 1, 18, 1, 34, 1
452, 55, 1, 22, 1, 47, 1
453, 56, 1, 27, 1, 48, 1
454, 51, 1, 0, 0, 50, 1
455, 46, 1, 30, 1, 43, 1
456, 50, 1, 18, 1, 40, 1
457, 60, 1, 30, 1, 46, 1
458, 95, 1, 63, 1, 85, 1
459, 62, 1, 21, 1, 48, 1
460, 40, 1, 16, 1, 42, 1
461, 49, 1, 20, 1, 38, 1
462, 43, 1, 26, 1, 40, 1
463, 62, 1, 27, 1, 50, 1
464, 47, 1, 28, 1, 49, 1
465, 60, 1, 25, 1, 53, 1
466, 43, 1, 19, 1, 43, 1
467, 51, 1, 19, 1, 39, 1
468, 50, 1, 29, 1, 47, 1
469, 48, 1, 19, 1, 53, 1
470, 50, 1, 26, 1, 46, 1
471, 51, 1, 25, 1, 40, 1
472, 44, 1, 21, 1, 53, 1
473, 57, 1, 32, 1, 50, 1
474, 48, 1, 18, 1, 51, 1
475, 52, 1, 21, 1, 40, 1
476, 61, 1, 18, 1, 64, 1
477, 49, 1, 22, 1, 42, 1
478, 106, 1, 47, 1, 91, 1
479, 50, 1, 0, 0, 28, 1
480, 55, 1, 14, 1, 54, 1
481, 56, 1, 23, 1, 47, 1
482, 54, 1, 21, 1, 41, 1
483, 53, 1, 23, 1, 45, 1
484, 84, 1, 20, 1, 58, 1
485, 58, 1, 18, 1, 41, 1
486, 59, 1, 19, 1, 46, 1
487, 49, 1, 25, 1, 37, 1
488, 64, 1, 24, 1, 52, 1
489, 40, 1, 24, 1, 34, 1
490, 52, 1, 21, 1, 32, 1
491, 47, 1, 18, 1, 46, 1
492, 58, 1, 21, 1, 42, 1
493, 46, 1, 19, 1, 57, 1
494, 61, 1, 17, 1, 44, 1
495, 67, 1, 18, 1, 46, 1
496, 65, 1, 20, 1, 44, 1
497, 48, 1, 17, 1, 35, 1
498, 47, 1, 20, 1, 44, 1
499, 127, 1, 39, 1, 89, 1
500, 60, 1, 26, 1, 37, 1
501, 56, 1, 19, 1, 51, 1
502, 50, 1, 15, 1, 33, 1
503, 54, 1, 20, 1, 36, 1
504, 57, 1, 18, 1, 55, 1
505, 55, 1, 17, 1, 52, 1
506, 53, 1, 20, 1, 45, 1
507, 47, 1, 22, 1, 46, 1
508, 60, 1, 24, 1, 46, 1
509, 65, 1, 13, 1, 42, 1
510, 54, 1, 25, 1, 48, 1
511, 52, 1, 17, 1, 37, 1
512, 42, 1, 19, 1, 42, 1
513, 62, 1, 17, 1, 39, 1
514, 48, 1, 15, 1, 36, 1
515, 52, 1, 20, 1, 44, 1
516, 57, 1, 14, 1, 33, 1
517, 60, 1, 25, 1, 49, 1
518, 56, 1, 16, 1, 38, 1
519, 63, 1, 24, 1, 56, 1
520, 0, 0, 0, 0, 0, 0
521, 0, 0, 0, 0, 0, 0
522, 0, 0, 0, 0, 0, 0
523, 0, 0, 0, 0, 0, 0
524, 0, 0, 0, 0, 0, 0
525, 0, 0, 0, 0, 0, 0
526, 0, 0, 0, 0, 0, 0
527, 0, 0, 0, 0, 0, 0
528, 0, 0, 0, 0, 0, 0
529, 0, 0, 0, 0, 0, 0
