param_a param_b Ex m m_err c c_err chi2_0_ndf
ArrayDistance_-121 Mfield_2.03 0 -0.0737001 0.0133316 -3.94252 5.63555 40.714
ArrayDistance_-121 Mfield_2.03 1016.93 -0.15891 0.0149838 -34.8059 5.18934 41.8022
ArrayDistance_-121 Mfield_2.03 2315.1 -0.285774 0.0439632 -83.1406 14.6476 15.8661
ArrayDistance_-124 Mfield_2.03 0 -0.0503117 0.0133927 -26.9613 5.69885 10.8581
ArrayDistance_-124 Mfield_2.03 1016.93 -0.14669 0.0141892 -62.9886 4.83882 32.4562
ArrayDistance_-124 Mfield_2.03 2315.1 -0.169895 0.0434148 -81.1227 14.5021 22.0243
ArrayDistance_-122 Mfield_2.045 0 0.0467773 0.0135221 -0.945636 5.75669 28.8733
ArrayDistance_-122 Mfield_2.045 1016.93 -0.0602336 0.0146193 -39.7691 5.01744 35.1229
ArrayDistance_-122 Mfield_2.045 2315.1 -0.0477512 0.0433065 -48.0915 14.4436 26.655
ArrayDistance_-126 Mfield_2.045 0 0.0780313 0.0130256 -34.3987 5.59923 208.465
ArrayDistance_-126 Mfield_2.045 1016.93 -0.0451072 0.0144924 -80.1272 5.00313 280.944
ArrayDistance_-126 Mfield_2.045 2315.1 -0.0641724 0.0398173 -96.226 13.6674 139.494
ArrayDistance_-124 Mfield_2.035 0 -0.0148882 0.013516 -24.3655 5.73061 23.4823
ArrayDistance_-124 Mfield_2.035 1016.93 -0.112977 0.0146422 -61.3727 5.00311 52.0168
ArrayDistance_-124 Mfield_2.035 2315.1 -0.148737 0.0440014 -83.9538 14.4485 32.4482
ArrayDistance_-122 Mfield_2.04 0 0.023689 0.0139263 1.83584 5.97482 11.4033
ArrayDistance_-122 Mfield_2.04 1016.93 -0.0930571 0.0144925 -42.2581 5.00877 20.0555
ArrayDistance_-122 Mfield_2.04 2315.1 -0.116898 0.0397134 -59.2443 13.363 18.4045
ArrayDistance_-126 Mfield_2.04 0 0.0252509 0.013589 -42.7818 5.80901 126.204
ArrayDistance_-126 Mfield_2.04 1016.93 -0.0801324 0.0146193 -81.6111 5.01744 200.883
ArrayDistance_-126 Mfield_2.04 2315.1 -0.060538 0.0417611 -85.1329 14.3138 104.945
ArrayDistance_-125 Mfield_2.045 0 0.0463143 0.0134191 -36.5629 5.68391 138.954
ArrayDistance_-125 Mfield_2.045 1016.93 -0.0403129 0.0146534 -65.3376 5.03797 177.584
ArrayDistance_-125 Mfield_2.045 2315.1 -0.0151877 0.0398463 -70.9159 13.5676 106.173
ArrayDistance_-122 Mfield_2.03 0 -0.0731141 0.0137099 -15.3768 5.82593 20.1126
ArrayDistance_-122 Mfield_2.03 1016.93 -0.150737 0.0143721 -41.4601 4.88945 24.1693
ArrayDistance_-122 Mfield_2.03 2315.1 -0.205854 0.0443356 -70.4329 14.9359 11.3482
ArrayDistance_-125 Mfield_2.025 0 -0.0983705 0.0133007 -47.5145 5.62266 14.8285
ArrayDistance_-125 Mfield_2.025 1016.93 -0.175613 0.0146359 -74.3619 5.00083 40.5005
ArrayDistance_-125 Mfield_2.025 2315.1 -0.164078 0.0425745 -82.0448 14.2831 27.5543
ArrayDistance_-124 Mfield_2.025 0 -0.10104 0.013554 -37.1336 5.73009 13.932
ArrayDistance_-124 Mfield_2.025 1016.93 -0.166551 0.0142116 -59.7642 4.85021 24.9047
ArrayDistance_-124 Mfield_2.025 2315.1 -0.203674 0.0436888 -82.0692 14.6073 14.2661
ArrayDistance_-122 Mfield_2.025 0 -0.122132 0.0131735 -23.7865 5.6136 44.6074
ArrayDistance_-122 Mfield_2.025 1016.93 -0.171638 0.0142798 -39.7545 4.91171 43.8176
ArrayDistance_-122 Mfield_2.025 2315.1 -0.251678 0.0442679 -76.0175 14.9451 11.5601
ArrayDistance_-121 Mfield_2.035 0 -0.0444408 0.0137121 -3.61909 5.87045 19.8128
ArrayDistance_-121 Mfield_2.035 1016.93 -0.114137 0.0144702 -27.6264 4.95956 21.1757
ArrayDistance_-121 Mfield_2.035 2315.1 -0.163466 0.0428701 -53.3608 14.344 10.6236
ArrayDistance_-125 Mfield_2.035 0 -0.0243628 0.0133497 -39.98 5.70893 48.8757
ArrayDistance_-125 Mfield_2.035 1016.93 -0.104966 0.0144847 -68.759 5.00148 85.3097
ArrayDistance_-125 Mfield_2.035 2315.1 -0.128965 0.0395117 -88.5041 13.451 54.3921
ArrayDistance_-125 Mfield_2.03 0 -0.0650902 0.0135062 -45.5826 5.74244 27.3473
ArrayDistance_-125 Mfield_2.03 1016.93 -0.140682 0.0144455 -72.0005 4.94299 61.5756
ArrayDistance_-125 Mfield_2.03 2315.1 -0.155735 0.0412555 -87.0133 13.7002 37.7877
ArrayDistance_-126 Mfield_2.035 1016.93 -0.103677 0.0144774 -79.4741 4.96674 142.155
ArrayDistance_-126 Mfield_2.035 2315.1 -0.0972858 0.0393834 -89.8759 13.2323 80.6036
ArrayDistance_-121 Mfield_2.025 0 -0.12329 0.0137598 -12.1998 5.86713 77.4025
ArrayDistance_-121 Mfield_2.025 1016.93 -0.187419 0.0143721 -34.1157 4.88945 73.2396
ArrayDistance_-121 Mfield_2.025 2315.1 -0.0353679 0.0396329 10.1682 13.0306 23.3063
ArrayDistance_-121 Mfield_2.04 0 -0.00814941 0.0137605 -0.718251 5.86675 9.65875
ArrayDistance_-121 Mfield_2.04 1016.93 -0.0925242 0.0143721 -30.2028 4.88945 12.9878
ArrayDistance_-121 Mfield_2.04 2315.1 -0.104805 0.0414981 -45.3646 14.0881 9.62523
ArrayDistance_-126 Mfield_2.03 0 -0.0494621 0.0134079 -50.6274 5.66168 48.9072
ArrayDistance_-126 Mfield_2.03 1016.93 -0.138841 0.0142167 -82.3541 4.88791 102.178
ArrayDistance_-126 Mfield_2.03 2315.1 -0.130945 0.0392581 -91.0052 13.2561 60.8898
ArrayDistance_-126 Mfield_2.025 0 -0.0928154 0.0133901 -56.3835 5.71232 27.1918
ArrayDistance_-126 Mfield_2.025 1016.93 -0.165148 0.0143721 -80.7511 4.88945 66.1732
ArrayDistance_-126 Mfield_2.025 2315.1 -0.212638 0.0440168 -107.615 14.8008 36.0678
ArrayDistance_-122 Mfield_2.035 0 -0.0494676 0.0134652 -17.5404 5.70469 11.2594
ArrayDistance_-122 Mfield_2.035 1016.93 -0.120578 0.0147815 -41.9392 5.04858 16.7915
ArrayDistance_-122 Mfield_2.035 2315.1 -0.130356 0.0408907 -55.4308 13.8382 10.9411
ArrayDistance_-124 Mfield_2.045 0 0.0405317 0.0134303 -26.842 5.68354 90.1595
ArrayDistance_-124 Mfield_2.045 1016.93 -0.0516006 0.014312 -60.0332 4.9263 129.618
ArrayDistance_-124 Mfield_2.045 2315.1 -0.0389217 0.0410085 -66.3979 13.9061 69.433
ArrayDistance_-124 Mfield_2.04 0 0.00433274 0.0136093 -29.7849 5.7789 51.2891
ArrayDistance_-124 Mfield_2.04 1016.93 -0.0699517 0.0144774 -54.8736 4.96674 74.0618
ArrayDistance_-124 Mfield_2.04 2315.1 -0.0606866 0.0395213 -65.3896 13.4556 55.9403
ArrayDistance_-121 Mfield_2.045 0 0.0160744 0.012978 -3.16276 5.46908 15.2588
ArrayDistance_-121 Mfield_2.045 1016.93 -0.0488457 0.0140215 -24.6961 4.79426 15.397
ArrayDistance_-121 Mfield_2.045 2315.1 -0.0354381 0.0409907 -34.6991 13.847 17.5169
ArrayDistance_-122 Mfield_2.02 0 -0.149147 0.0136409 -22.8285 5.80252 80.4298
ArrayDistance_-122 Mfield_2.02 1016.93 -0.22218 0.0146044 -48.2793 4.98146 71.1892
ArrayDistance_-126 Mfield_2.02 0 -0.121513 0.0135015 -55.6758 5.70098 16.8598
ArrayDistance_-126 Mfield_2.02 1016.93 -0.205721 0.0146193 -85.7213 5.01282 48.8264
ArrayDistance_-126 Mfield_2.02 2315.1 -0.213624 0.0429727 -97.8821 14.2645 26.2016
ArrayDistance_-125 Mfield_2.02 0 -0.137254 0.0135898 -51.9802 5.76893 17.1568
ArrayDistance_-125 Mfield_2.02 1016.93 -0.201247 0.0140501 -72.8638 4.81598 32.9103
ArrayDistance_-125 Mfield_2.02 2315.1 -0.237418 0.0434282 -95.5878 14.4549 15.9571
ArrayDistance_-124 Mfield_2.02 0 -0.144287 0.0132606 -42.2941 5.60295 29.1763
ArrayDistance_-124 Mfield_2.02 1016.93 -0.20859 0.0146193 -64.5185 5.01744 30.7078
ArrayDistance_-124 Mfield_2.02 2315.1 -0.2916 0.0427182 -99.0403 14.3669 15.9799
ArrayDistance_-121 Mfield_2.02 0 -0.154361 0.0137598 -13.6646 5.86713 122.276
ArrayDistance_-121 Mfield_2.02 1016.93 -0.210314 0.0145384 -32.7139 4.95665 114.687
ArrayDistance_-121 Mfield_2.02 2315.1 -0.28344 0.0506208 -67.2953 16.5555 20.2895
ArrayDistance_-120 Mfield_2.02 0 -0.159348 0.0140133 -4.18449 5.95238 167.388
ArrayDistance_-120 Mfield_2.02 1016.93 -0.218718 0.0144774 -24.9299 4.96674 173.164
ArrayDistance_-120 Mfield_2.03 0 -0.075347 0.0138068 6.11313 5.87114 68.3252
ArrayDistance_-120 Mfield_2.03 1016.93 -0.15527 0.0142176 -20.8564 4.85669 79.305
ArrayDistance_-120 Mfield_2.03 2315.1 -0.190346 0.0452656 -43.1091 15.1614 15.578
ArrayDistance_-120 Mfield_2.045 0 0.0245422 0.0136886 12.8434 5.82882 9.78287
ArrayDistance_-120 Mfield_2.045 1016.93 -0.0632235 0.0144774 -18.3637 4.96221 11.8448
ArrayDistance_-120 Mfield_2.045 2315.1 -0.0753748 0.0431039 -33.0209 14.7804 7.62103
ArrayDistance_-120 Mfield_2.025 0 -0.127078 0.0133037 -3.90098 5.64639 114.266
ArrayDistance_-120 Mfield_2.025 1016.93 -0.184356 0.0144774 -22.5138 4.96221 122.98
ArrayDistance_-120 Mfield_2.035 0 -0.0473242 0.0137099 5.63672 5.82593 34.8379
ArrayDistance_-120 Mfield_2.035 1016.93 -0.120068 0.0143809 -19.4977 4.92293 43.1514
ArrayDistance_-120 Mfield_2.035 2315.1 -0.00443083 0.0352718 16.1701 11.6896 22.3402
ArrayDistance_-120 Mfield_2.04 0 -0.00663006 0.0141158 12.845 6.06083 19.2761
ArrayDistance_-120 Mfield_2.04 1016.93 -0.0846192 0.0144763 -16.4278 4.98839 21.199
ArrayDistance_-121 Mfield_2.05 0 0.061318 0.0137099 4.66338 5.82593 29.7541
ArrayDistance_-121 Mfield_2.05 1016.93 -0.0146599 0.0144846 -22.7709 4.99468 30.8079
ArrayDistance_-121 Mfield_2.05 2315.1 -0.0128086 0.0408907 -34.2777 13.8382 26.7181
ArrayDistance_-119 Mfield_2.04 0 -0.0202614 0.0130698 16.4872 5.52511 33.5046
ArrayDistance_-119 Mfield_2.04 1016.93 -0.0945784 0.0144774 -8.79097 4.96221 47.4516
ArrayDistance_-119 Mfield_2.04 2315.1 -0.151971 0.0450605 -36.153 15.2022 12.1273
ArrayDistance_-119 Mfield_2.035 0 -0.0503017 0.0136258 16.6485 5.80957 64.7491
ArrayDistance_-119 Mfield_2.035 1016.93 -0.127791 0.0144774 -9.95028 4.96674 82.0456
ArrayDistance_-119 Mfield_2.035 2315.1 -11.0674 0.0300938 -3918.05 9.00945 47773.4
ArrayDistance_-120 Mfield_2.05 0 0.0656164 0.0137882 17.7117 5.89037 15.0055
ArrayDistance_-120 Mfield_2.05 1016.93 -0.0315797 0.0146264 -17.5576 5.02431 11.7677
ArrayDistance_-120 Mfield_2.05 2315.1 0.00525314 0.0410142 -17.7998 13.8234 13.7018
ArrayDistance_-119 Mfield_2.05 0 0.055954 0.013444 25.4053 5.74072 11.7466
ArrayDistance_-119 Mfield_2.05 1016.93 -0.0300649 0.0146534 -4.89238 5.03304 12.6344
ArrayDistance_-119 Mfield_2.05 2315.1 -9.24447 0.0320841 -3310.37 10.0219 30572.4
ArrayDistance_-119 Mfield_2.045 0 0.0215789 0.0135216 23.4471 5.75536 19.4656
ArrayDistance_-119 Mfield_2.045 1016.93 -0.0628915 0.0141892 -7.52579 4.83882 21.88
ArrayDistance_-119 Mfield_2.045 2315.1 -8.74172 0.0301851 -3175 9.61586 30573.6
ArrayDistance_-120 Mfield_2.055 0 0.104214 0.0132334 21.5311 5.67497 36.8354
ArrayDistance_-120 Mfield_2.055 1016.93 0.0109157 0.0140564 -12.0618 4.81834 26.0572
ArrayDistance_-120 Mfield_2.055 2315.1 0.0318258 0.0407448 -17.0317 13.7817 23.9921
ArrayDistance_-118 Mfield_2.055 0 0.0756179 0.0133833 33.1768 5.69305 12.4574
ArrayDistance_-118 Mfield_2.055 1016.93 -0.0070251 0.0142176 4.64037 4.85669 12.4029
ArrayDistance_-118 Mfield_2.055 2315.1 -0.0208883 0.0451745 -11.3702 15.2376 6.30562
ArrayDistance_-121 Mfield_2.055 0 0.0974083 0.0135183 6.07379 5.73425 63.3668
ArrayDistance_-121 Mfield_2.055 1016.93 -0.000348398 0.0148188 -27.4078 5.07319 55.8467
ArrayDistance_-121 Mfield_2.055 2315.1 0.0533685 0.0415573 -22.3037 14.1997 43.1016
ArrayDistance_-119 Mfield_2.055 0 0.091019 0.0135612 27.3141 5.82832 18.6311
ArrayDistance_-119 Mfield_2.055 1016.93 -0.00381032 0.0144774 -6.44521 4.96674 10.4397
ArrayDistance_-119 Mfield_2.055 2315.1 0.0258543 0.0421023 -7.17931 14.2503 10.8595
