Channel, mod_0_Entries, mod_0_OnOff, mod_1_Entries, mod_1_OnOff, mod_2_Entries, mod_2_OnOff,
0, 0, 0, 0, 0, 0, 0
1, 0, 0, 0, 0, 0, 0
2, 101, 1, 85, 1, 182, 1
3, 95, 1, 83, 1, 116, 1
4, 76, 1, 92, 1, 130, 1
5, 97, 1, 77, 1, 122, 1
6, 73, 1, 83, 1, 139, 1
7, 84, 1, 86, 1, 138, 1
8, 104, 1, 101, 1, 151, 1
9, 92, 1, 81, 1, 123, 1
10, 77, 1, 88, 1, 156, 1
11, 82, 1, 89, 1, 153, 1
12, 88, 1, 88, 1, 126, 1
13, 69, 1, 83, 1, 148, 1
14, 82, 1, 101, 1, 140, 1
15, 93, 1, 95, 1, 139, 1
16, 83, 1, 88, 1, 120, 1
17, 79, 1, 104, 1, 137, 1
18, 98, 1, 93, 1, 109, 1
19, 90, 1, 110, 1, 151, 1
20, 96, 1, 106, 1, 157, 1
21, 87, 1, 103, 1, 163, 1
22, 89, 1, 108, 1, 167, 1
23, 109, 1, 122, 1, 146, 1
24, 126, 1, 127, 1, 151, 1
25, 128, 1, 115, 1, 190, 1
26, 139, 1, 133, 1, 176, 1
27, 150, 1, 129, 1, 194, 1
28, 151, 1, 139, 1, 221, 1
29, 154, 1, 122, 1, 193, 1
30, 139, 1, 143, 1, 200, 1
31, 134, 1, 128, 1, 202, 1
32, 131, 1, 109, 1, 187, 1
33, 124, 1, 103, 1, 164, 1
34, 137, 1, 122, 1, 172, 1
35, 109, 1, 135, 1, 166, 1
36, 145, 1, 120, 1, 158, 1
37, 98, 1, 123, 1, 149, 1
38, 108, 1, 96, 1, 167, 1
39, 122, 1, 122, 1, 148, 1
40, 113, 1, 106, 1, 155, 1
41, 114, 1, 103, 1, 144, 1
42, 108, 1, 118, 1, 155, 1
43, 101, 1, 113, 1, 157, 1
44, 89, 1, 92, 1, 139, 1
45, 116, 1, 126, 1, 154, 1
46, 95, 1, 105, 1, 146, 1
47, 90, 1, 82, 1, 154, 1
48, 112, 1, 99, 1, 134, 1
49, 92, 1, 90, 1, 138, 1
50, 81, 1, 103, 1, 129, 1
51, 105, 1, 102, 1, 144, 1
52, 108, 1, 84, 1, 0, 0
53, 75, 1, 86, 1, 188, 1
54, 83, 1, 107, 1, 143, 1
55, 103, 1, 91, 1, 124, 1
56, 94, 1, 86, 1, 141, 1
57, 77, 1, 92, 1, 145, 1
58, 117, 1, 78, 1, 145, 1
59, 100, 1, 94, 1, 124, 1
60, 110, 1, 81, 1, 136, 1
61, 110, 1, 89, 1, 141, 1
62, 95, 1, 75, 1, 134, 1
63, 90, 1, 76, 1, 130, 1
64, 92, 1, 92, 1, 145, 1
65, 91, 1, 85, 1, 110, 1
66, 99, 1, 85, 1, 107, 1
67, 124, 1, 89, 1, 122, 1
68, 104, 1, 74, 1, 116, 1
69, 102, 1, 76, 1, 121, 1
70, 108, 1, 80, 1, 138, 1
71, 107, 1, 86, 1, 139, 1
72, 116, 1, 79, 1, 117, 1
73, 93, 1, 70, 1, 128, 1
74, 109, 1, 81, 1, 113, 1
75, 88, 1, 56, 1, 129, 1
76, 100, 1, 68, 1, 125, 1
77, 107, 1, 99, 1, 134, 1
78, 89, 1, 83, 1, 114, 1
79, 102, 1, 71, 1, 122, 1
80, 87, 1, 67, 1, 126, 1
81, 80, 1, 65, 1, 123, 1
82, 100, 1, 67, 1, 124, 1
83, 96, 1, 68, 1, 122, 1
84, 95, 1, 71, 1, 136, 1
85, 94, 1, 73, 1, 102, 1
86, 92, 1, 66, 1, 0, 0
87, 93, 1, 62, 1, 0, 0
88, 95, 1, 75, 1, 132, 1
89, 101, 1, 62, 1, 114, 1
90, 70, 1, 68, 1, 124, 1
91, 78, 1, 66, 1, 130, 1
92, 92, 1, 66, 1, 124, 1
93, 87, 1, 68, 1, 118, 1
94, 84, 1, 68, 1, 111, 1
95, 87, 1, 51, 1, 108, 1
96, 94, 1, 61, 1, 112, 1
97, 85, 1, 88, 1, 118, 1
98, 97, 1, 74, 1, 124, 1
99, 64, 1, 62, 1, 127, 1
100, 85, 1, 93, 1, 106, 1
101, 75, 1, 55, 1, 124, 1
102, 83, 1, 65, 1, 117, 1
103, 76, 1, 78, 1, 118, 1
104, 95, 1, 66, 1, 103, 1
105, 88, 1, 76, 1, 127, 1
106, 81, 1, 72, 1, 129, 1
107, 93, 1, 68, 1, 129, 1
108, 94, 1, 84, 1, 131, 1
109, 73, 1, 68, 1, 124, 1
110, 85, 1, 70, 1, 111, 1
111, 78, 1, 54, 1, 114, 1
112, 90, 1, 72, 1, 134, 1
113, 88, 1, 72, 1, 109, 1
114, 80, 1, 68, 1, 125, 1
115, 75, 1, 75, 1, 133, 1
116, 85, 1, 65, 1, 152, 1
117, 98, 1, 80, 1, 141, 1
118, 77, 1, 80, 1, 148, 1
119, 89, 1, 67, 1, 127, 1
120, 78, 1, 81, 1, 111, 1
121, 98, 1, 68, 1, 113, 1
122, 80, 1, 62, 1, 131, 1
123, 82, 1, 66, 1, 137, 1
124, 98, 1, 80, 1, 132, 1
125, 90, 1, 84, 1, 108, 1
126, 77, 1, 70, 1, 110, 1
127, 84, 1, 83, 1, 129, 1
128, 85, 1, 72, 1, 120, 1
129, 94, 1, 90, 1, 145, 1
130, 0, 0, 0, 0, 0, 0
131, 128, 1, 118, 1, 163, 1
132, 147, 1, 113, 1, 164, 1
133, 188, 1, 111, 1, 191, 1
134, 182, 1, 128, 1, 219, 1
135, 196, 1, 113, 1, 226, 1
136, 189, 1, 102, 1, 210, 1
137, 172, 1, 113, 1, 198, 1
138, 165, 1, 124, 1, 192, 1
139, 175, 1, 127, 1, 192, 1
140, 169, 1, 116, 1, 209, 1
141, 186, 1, 138, 1, 201, 1
142, 184, 1, 128, 1, 220, 1
143, 187, 1, 125, 1, 223, 1
144, 217, 1, 147, 1, 216, 1
145, 202, 1, 131, 1, 231, 1
146, 190, 1, 120, 1, 210, 1
147, 177, 1, 119, 1, 245, 1
148, 175, 1, 111, 1, 218, 1
149, 161, 1, 114, 1, 233, 1
150, 167, 1, 99, 1, 215, 1
151, 195, 1, 117, 1, 210, 1
152, 169, 1, 127, 1, 233, 1
153, 174, 1, 90, 1, 228, 1
154, 172, 1, 121, 1, 208, 1
155, 170, 1, 108, 1, 204, 1
156, 162, 1, 103, 1, 192, 1
157, 162, 1, 120, 1, 187, 1
158, 160, 1, 135, 1, 193, 1
159, 160, 1, 111, 1, 200, 1
160, 189, 1, 129, 1, 198, 1
161, 167, 1, 116, 1, 248, 1
162, 160, 1, 122, 1, 213, 1
163, 169, 1, 120, 1, 224, 1
164, 166, 1, 129, 1, 208, 1
165, 160, 1, 141, 1, 214, 1
166, 178, 1, 125, 1, 220, 1
167, 157, 1, 132, 1, 215, 1
168, 175, 1, 131, 1, 222, 1
169, 186, 1, 149, 1, 202, 1
170, 228, 1, 127, 1, 224, 1
171, 225, 1, 165, 1, 253, 1
172, 204, 1, 142, 1, 261, 1
173, 182, 1, 165, 1, 286, 1
174, 201, 1, 137, 1, 297, 1
175, 238, 1, 138, 1, 264, 1
176, 190, 1, 125, 1, 288, 1
177, 234, 1, 167, 1, 269, 1
178, 231, 1, 145, 1, 291, 1
179, 205, 1, 121, 1, 267, 1
180, 181, 1, 130, 1, 263, 1
181, 185, 1, 143, 1, 258, 1
182, 203, 1, 121, 1, 250, 1
183, 208, 1, 160, 1, 245, 1
184, 169, 1, 127, 1, 243, 1
185, 183, 1, 143, 1, 209, 1
186, 191, 1, 139, 1, 226, 1
187, 165, 1, 129, 1, 251, 1
188, 177, 1, 148, 1, 269, 1
189, 176, 1, 134, 1, 248, 1
190, 174, 1, 141, 1, 227, 1
191, 206, 1, 144, 1, 214, 1
192, 161, 1, 131, 1, 267, 1
193, 146, 1, 130, 1, 217, 1
194, 163, 1, 142, 1, 233, 1
195, 209, 1, 138, 1, 226, 1
196, 189, 1, 144, 1, 218, 1
197, 172, 1, 118, 1, 221, 1
198, 179, 1, 136, 1, 224, 1
199, 164, 1, 129, 1, 229, 1
200, 150, 1, 133, 1, 232, 1
201, 154, 1, 122, 1, 214, 1
202, 152, 1, 141, 1, 224, 1
203, 166, 1, 110, 1, 213, 1
204, 160, 1, 137, 1, 222, 1
205, 144, 1, 128, 1, 202, 1
206, 144, 1, 137, 1, 198, 1
207, 150, 1, 107, 1, 240, 1
208, 151, 1, 120, 1, 201, 1
209, 156, 1, 137, 1, 204, 1
210, 181, 1, 124, 1, 240, 1
211, 148, 1, 129, 1, 232, 1
212, 159, 1, 139, 1, 245, 1
213, 145, 1, 133, 1, 215, 1
214, 173, 1, 128, 1, 245, 1
215, 175, 1, 137, 1, 231, 1
216, 146, 1, 149, 1, 269, 1
217, 142, 1, 140, 1, 230, 1
218, 165, 1, 142, 1, 247, 1
219, 150, 1, 132, 1, 262, 1
220, 151, 1, 128, 1, 220, 1
221, 174, 1, 141, 1, 248, 1
222, 159, 1, 146, 1, 245, 1
223, 168, 1, 126, 1, 263, 1
224, 139, 1, 130, 1, 244, 1
225, 138, 1, 142, 1, 253, 1
226, 153, 1, 149, 1, 249, 1
227, 158, 1, 123, 1, 254, 1
228, 150, 1, 140, 1, 237, 1
229, 146, 1, 154, 1, 245, 1
230, 152, 1, 166, 1, 246, 1
231, 187, 1, 147, 1, 251, 1
232, 168, 1, 146, 1, 230, 1
233, 136, 1, 170, 1, 245, 1
234, 145, 1, 165, 1, 262, 1
235, 143, 1, 162, 1, 252, 1
236, 152, 1, 143, 1, 271, 1
237, 168, 1, 149, 1, 251, 1
238, 164, 1, 132, 1, 265, 1
239, 163, 1, 160, 1, 252, 1
240, 159, 1, 143, 1, 283, 1
241, 164, 1, 141, 1, 254, 1
242, 201, 1, 163, 1, 261, 1
243, 165, 1, 161, 1, 290, 1
244, 154, 1, 139, 1, 270, 1
245, 166, 1, 155, 1, 234, 1
246, 186, 1, 165, 1, 257, 1
247, 169, 1, 148, 1, 229, 1
248, 172, 1, 137, 1, 276, 1
249, 180, 1, 176, 1, 261, 1
250, 180, 1, 173, 1, 259, 1
251, 181, 1, 136, 1, 301, 1
252, 170, 1, 146, 1, 295, 1
253, 172, 1, 160, 1, 256, 1
254, 149, 1, 177, 1, 266, 1
255, 181, 1, 169, 1, 271, 1
256, 151, 1, 147, 1, 258, 1
257, 198, 1, 149, 1, 266, 1
258, 203, 1, 162, 1, 315, 1
259, 0, 0, 0, 0, 0, 0
260, 224, 1, 159, 1, 318, 1
261, 178, 1, 156, 1, 242, 1
262, 171, 1, 134, 1, 288, 1
263, 206, 1, 166, 1, 0, 0
264, 177, 1, 132, 1, 284, 1
265, 186, 1, 144, 1, 289, 1
266, 164, 1, 145, 1, 282, 1
267, 184, 1, 153, 1, 279, 1
268, 187, 1, 152, 1, 271, 1
269, 172, 1, 163, 1, 304, 1
270, 189, 1, 162, 1, 269, 1
271, 185, 1, 133, 1, 238, 1
272, 182, 1, 155, 1, 260, 1
273, 193, 1, 144, 1, 287, 1
274, 194, 1, 132, 1, 247, 1
275, 181, 1, 146, 1, 293, 1
276, 174, 1, 157, 1, 268, 1
277, 179, 1, 147, 1, 268, 1
278, 196, 1, 132, 1, 248, 1
279, 159, 1, 128, 1, 279, 1
280, 159, 1, 136, 1, 292, 1
281, 175, 1, 150, 1, 263, 1
282, 181, 1, 153, 1, 282, 1
283, 212, 1, 138, 1, 280, 1
284, 162, 1, 146, 1, 276, 1
285, 200, 1, 116, 1, 283, 1
286, 199, 1, 148, 1, 277, 1
287, 187, 1, 141, 1, 301, 1
288, 201, 1, 139, 1, 290, 1
289, 208, 1, 145, 1, 270, 1
290, 220, 1, 154, 1, 318, 1
291, 190, 1, 133, 1, 275, 1
292, 191, 1, 149, 1, 327, 1
293, 190, 1, 154, 1, 304, 1
294, 206, 1, 150, 1, 306, 1
295, 229, 1, 157, 1, 294, 1
296, 238, 1, 137, 1, 332, 1
297, 233, 1, 179, 1, 310, 1
298, 207, 1, 143, 1, 288, 1
299, 186, 1, 182, 1, 302, 1
300, 233, 1, 149, 1, 301, 1
301, 221, 1, 158, 1, 321, 1
302, 232, 1, 157, 1, 319, 1
303, 217, 1, 153, 1, 341, 1
304, 199, 1, 144, 1, 325, 1
305, 228, 1, 160, 1, 301, 1
306, 216, 1, 138, 1, 345, 1
307, 215, 1, 151, 1, 305, 1
308, 242, 1, 176, 1, 316, 1
309, 208, 1, 168, 1, 318, 1
310, 241, 1, 145, 1, 315, 1
311, 247, 1, 158, 1, 310, 1
312, 237, 1, 180, 1, 341, 1
313, 276, 1, 168, 1, 344, 1
314, 276, 1, 163, 1, 367, 1
315, 71, 1, 167, 1, 351, 1
316, 285, 1, 172, 1, 0, 0
317, 260, 1, 166, 1, 392, 1
318, 253, 1, 191, 1, 329, 1
319, 243, 1, 175, 1, 349, 1
320, 248, 1, 150, 1, 334, 1
321, 243, 1, 159, 1, 312, 1
322, 264, 1, 161, 1, 317, 1
323, 263, 1, 162, 1, 342, 1
324, 239, 1, 174, 1, 328, 1
325, 262, 1, 173, 1, 334, 1
326, 261, 1, 154, 1, 338, 1
327, 270, 1, 165, 1, 347, 1
328, 260, 1, 164, 1, 337, 1
329, 264, 1, 138, 1, 351, 1
330, 244, 1, 171, 1, 329, 1
331, 258, 1, 163, 1, 349, 1
332, 238, 1, 153, 1, 319, 1
333, 222, 1, 132, 1, 350, 1
334, 230, 1, 136, 1, 307, 1
335, 210, 1, 130, 1, 318, 1
336, 241, 1, 148, 1, 271, 1
337, 272, 1, 153, 1, 293, 1
338, 252, 1, 131, 1, 264, 1
339, 224, 1, 160, 1, 300, 1
340, 242, 1, 142, 1, 288, 1
341, 227, 1, 142, 1, 315, 1
342, 230, 1, 165, 1, 311, 1
343, 260, 1, 149, 1, 285, 1
344, 255, 1, 146, 1, 344, 1
345, 244, 1, 142, 1, 316, 1
346, 264, 1, 149, 1, 298, 1
347, 237, 1, 163, 1, 341, 1
348, 244, 1, 143, 1, 331, 1
349, 267, 1, 134, 1, 347, 1
350, 236, 1, 147, 1, 280, 1
351, 266, 1, 148, 1, 331, 1
352, 278, 1, 166, 1, 289, 1
353, 240, 1, 154, 1, 328, 1
354, 255, 1, 156, 1, 336, 1
355, 278, 1, 149, 1, 312, 1
356, 267, 1, 166, 1, 330, 1
357, 249, 1, 146, 1, 299, 1
358, 234, 1, 155, 1, 321, 1
359, 266, 1, 149, 1, 271, 1
360, 254, 1, 151, 1, 299, 1
361, 266, 1, 140, 1, 304, 1
362, 256, 1, 167, 1, 284, 1
363, 230, 1, 179, 1, 328, 1
364, 274, 1, 153, 1, 328, 1
365, 269, 1, 152, 1, 269, 1
366, 225, 1, 155, 1, 347, 1
367, 248, 1, 172, 1, 334, 1
368, 244, 1, 140, 1, 314, 1
369, 256, 1, 135, 1, 358, 1
370, 284, 1, 166, 1, 314, 1
371, 277, 1, 169, 1, 366, 1
372, 295, 1, 161, 1, 371, 1
373, 265, 1, 142, 1, 276, 1
374, 249, 1, 154, 1, 323, 1
375, 246, 1, 152, 1, 294, 1
376, 243, 1, 152, 1, 321, 1
377, 249, 1, 130, 1, 305, 1
378, 265, 1, 141, 1, 330, 1
379, 267, 1, 153, 1, 317, 1
380, 263, 1, 132, 1, 323, 1
381, 272, 1, 143, 1, 289, 1
382, 298, 1, 133, 1, 296, 1
383, 272, 1, 155, 1, 319, 1
384, 237, 1, 150, 1, 290, 1
385, 284, 1, 142, 1, 337, 1
386, 255, 1, 158, 1, 295, 1
387, 308, 1, 151, 1, 335, 1
388, 0, 0, 0, 0, 0, 0
389, 306, 1, 161, 1, 332, 1
390, 247, 1, 168, 1, 332, 1
391, 276, 1, 150, 1, 348, 1
392, 307, 1, 132, 1, 296, 1
393, 273, 1, 134, 1, 319, 1
394, 238, 1, 136, 1, 314, 1
395, 282, 1, 140, 1, 410, 1
396, 229, 1, 134, 1, 331, 1
397, 269, 1, 0, 0, 1052, 1
398, 264, 1, 172, 1, 334, 1
399, 255, 1, 153, 1, 320, 1
400, 272, 1, 135, 1, 326, 1
401, 270, 1, 139, 1, 324, 1
402, 273, 1, 130, 1, 311, 1
403, 290, 1, 128, 1, 322, 1
404, 291, 1, 162, 1, 450, 1
405, 277, 1, 158, 1, 327, 1
406, 272, 1, 149, 1, 357, 1
407, 266, 1, 150, 1, 329, 1
408, 281, 1, 164, 1, 340, 1
409, 268, 1, 136, 1, 338, 1
410, 292, 1, 0, 0, 333, 1
411, 256, 1, 161, 1, 349, 1
412, 259, 1, 149, 1, 332, 1
413, 269, 1, 149, 1, 320, 1
414, 271, 1, 153, 1, 362, 1
415, 247, 1, 122, 1, 336, 1
416, 259, 1, 129, 1, 316, 1
417, 299, 1, 131, 1, 323, 1
418, 284, 1, 137, 1, 364, 1
419, 286, 1, 139, 1, 323, 1
420, 327, 1, 141, 1, 296, 1
421, 278, 1, 0, 0, 176, 1
422, 276, 1, 133, 1, 486, 1
423, 286, 1, 143, 1, 342, 1
424, 296, 1, 119, 1, 294, 1
425, 287, 1, 145, 1, 342, 1
426, 288, 1, 121, 1, 319, 1
427, 287, 1, 121, 1, 328, 1
428, 289, 1, 123, 1, 352, 1
429, 262, 1, 114, 1, 313, 1
430, 276, 1, 138, 1, 310, 1
431, 273, 1, 123, 1, 329, 1
432, 298, 1, 141, 1, 345, 1
433, 293, 1, 120, 1, 8574, 1
434, 272, 1, 136, 1, 312, 1
435, 299, 1, 0, 0, 366, 1
436, 265, 1, 158, 1, 356, 1
437, 289, 1, 127, 1, 322, 1
438, 265, 1, 119, 1, 348, 1
439, 292, 1, 116, 1, 330, 1
440, 289, 1, 133, 1, 324, 1
441, 277, 1, 114, 1, 328, 1
442, 314, 1, 136, 1, 314, 1
443, 331, 1, 120, 1, 339, 1
444, 314, 1, 120, 1, 356, 1
445, 266, 1, 130, 1, 323, 1
446, 295, 1, 122, 1, 363, 1
447, 304, 1, 142, 1, 318, 1
448, 282, 1, 0, 0, 305, 1
449, 278, 1, 133, 1, 334, 1
450, 277, 1, 119, 1, 337, 1
451, 312, 1, 123, 1, 337, 1
452, 295, 1, 137, 1, 316, 1
453, 319, 1, 134, 1, 317, 1
454, 325, 1, 119, 1, 334, 1
455, 276, 1, 105, 1, 306, 1
456, 275, 1, 121, 1, 338, 1
457, 305, 1, 115, 1, 326, 1
458, 304, 1, 126, 1, 355, 1
459, 296, 1, 124, 1, 362, 1
460, 307, 1, 122, 1, 332, 1
461, 277, 1, 114, 1, 317, 1
462, 303, 1, 112, 1, 317, 1
463, 275, 1, 121, 1, 327, 1
464, 286, 1, 102, 1, 312, 1
465, 306, 1, 123, 1, 316, 1
466, 292, 1, 111, 1, 352, 1
467, 279, 1, 113, 1, 354, 1
468, 322, 1, 117, 1, 333, 1
469, 319, 1, 128, 1, 315, 1
470, 359, 1, 122, 1, 326, 1
471, 328, 1, 118, 1, 378, 1
472, 317, 1, 115, 1, 345, 1
473, 299, 1, 128, 1, 355, 1
474, 340, 1, 117, 1, 326, 1
475, 334, 1, 0, 0, 310, 1
476, 328, 1, 112, 1, 364, 1
477, 317, 1, 119, 1, 325, 1
478, 351, 1, 119, 1, 352, 1
479, 360, 1, 117, 1, 349, 1
480, 344, 1, 110, 1, 363, 1
481, 320, 1, 108, 1, 374, 1
482, 323, 1, 103, 1, 345, 1
483, 345, 1, 136, 1, 360, 1
484, 309, 1, 117, 1, 354, 1
485, 318, 1, 105, 1, 514, 1
486, 332, 1, 105, 1, 316, 1
487, 297, 1, 112, 1, 347, 1
488, 296, 1, 112, 1, 349, 1
489, 333, 1, 108, 1, 347, 1
490, 357, 1, 103, 1, 2901, 1
491, 356, 1, 114, 1, 390, 1
492, 333, 1, 120, 1, 728, 1
493, 319, 1, 117, 1, 863, 1
494, 301, 1, 122, 1, 357, 1
495, 345, 1, 99, 1, 588, 1
496, 328, 1, 105, 1, 1138, 1
497, 331, 1, 114, 1, 381, 1
498, 341, 1, 119, 1, 326, 1
499, 297, 1, 108, 1, 313, 1
500, 311, 1, 118, 1, 373, 1
501, 326, 1, 113, 1, 378, 1
502, 307, 1, 100, 1, 379, 1
503, 327, 1, 103, 1, 316, 1
504, 325, 1, 136, 1, 326, 1
505, 326, 1, 112, 1, 338, 1
506, 326, 1, 121, 1, 337, 1
507, 337, 1, 117, 1, 341, 1
508, 307, 1, 121, 1, 353, 1
509, 318, 1, 101, 1, 412, 1
510, 354, 1, 115, 1, 351, 1
511, 306, 1, 102, 1, 309, 1
512, 334, 1, 118, 1, 340, 1
513, 317, 1, 97, 1, 303, 1
514, 341, 1, 116, 1, 335, 1
515, 334, 1, 110, 1, 335, 1
516, 347, 1, 113, 1, 459, 1
