11.820976906547536     27.121854270887304	2.5912
14.92682968260305     14.848096212809693	1.5621
20.52701313923169     5.843433356831639		0.5181
26.02867359158818     6.009563526104358		0.56994
30.965015840120948     7.210864709229739	0.82894
36.50540602519131     6.392614172024572		0.57
41.84671179473242     3.967759196188183		0.4145
47.706452407443585     1.6993519564460442	0.311
52.20793449918887     0.6200154579196422	0.2595
57.71774857948514     0.5789075837233213	0.259
62.94082674389963     1.1590042381878618	0.31085
68.16594331529907     1.687291381785137		0.31081
72.8787402644833     1.903702256686401		0.3113
78.38855434477958     1.8625943824900801	0.3113	
82.86965236667544     1.3013529926362537	0.3113
88.39373529586629     0.8975785423691391	0.3113
93.65146637902481     0.5969135120903033	0.3113
102.85147657105972     0.09665446453596616	0.3113
112.54749912943035     0.3227477726156991	0.3113
122.25371372272568     0.2897935263591478	0.3113
132.47632475220615     0.4650965270641052	0.3113
141.65187406042176     0.5865516099168531	0.3113
151.1039672495944     0.345849718445038		0.3113
161.07245687495222     0.3134050739347174	0.3113

