12.227640291781896     2.027694670941581	0.237
15.656067692130605     2.722201879653361	0.2908
21.36071939262051     2.45321556474444		0.252
26.078607655355206     2.4261371247912384	0.269
26.272308603715842     2.6006942273743476	0.2625
31.589082093677035     2.011672665243676	0.20353
36.609429624138784     1.5194559305534447	0.174
42.80976522690896     0.9889673814350708	0.106
47.72786406003935     0.7390336188239184	0.0969
52.64326378159425     0.6538806178980829	0.11632
57.95352764952036     0.4622714810084716	0.077
62.86670457330718     0.5128202838234861	0.077
68.37162201720881     0.437610333628049		0.077
73.0886370379632     0.46384331657303957	0.077
78.19908726366648     0.4708570373876535	0.077
83.1149632990288     0.35662507851735104	0.077
88.22612799544328     0.32002036241526444	0.077
93.04277198758805     0.26390464197574737	0.077
103.1661868797377     0.22942547623938037	0.077
112.99460475381022     0.20451426411004903	0.077
123.0189463740115     0.21845835082297604	0.077
132.65048787434046     0.21284975574032217	0.077	
142.28250568847685     0.1781622027131986	0.077
151.12860572033034     0.12375525805788623	0.077
161.15342365433904     0.108620386826348	0.077

