13.544488384960871     30.201951600456717   2.96
16.15570240776347     23.995099717419503    2.33
20.922744676401848     14.29668546218658    1.26
26.458139410078516     7.507129281964254    0.7275
26.19965320507719     6.343571247480924     0.67877
31.28676831175271     2.85112060653951      0.3879
36.906844665853654     2.994872098553415    0.436
42.043702822288886     3.5751336566878322   0.5334
47.17582354541365     3.7675178625292958    0.483
51.92998591723925     3.0145620557499626    0.461
57.53555388182693     1.9704391563667514    0.3385
62.90188146423701     1.3385099661902657    0.3
68.14725645243968     0.8035871252847429    0.3
73.03155019551166     0.7051373393019986    0.2
77.9158439385836     0.6066875533192473     0.2
83.04441158672556     0.5081637449410294    0.2
88.0511383719144     0.43391928227884335    0.2
93.05904951543087     0.45664415768990807   0.2
