Channel, mod_0_Entries, mod_0_OnOff, mod_1_Entries, mod_1_OnOff, mod_2_Entries, mod_2_OnOff,
0, 0, 0, 0, 0, 0, 0
1, 0, 0, 0, 0, 0, 0
2, 6, 1, 3, 1, 2, 1
3, 2, 1, 1, 1, 4, 1
4, 2, 1, 5, 1, 2, 1
5, 6, 1, 0, 0, 3, 1
6, 2, 1, 1, 1, 3, 1
7, 4, 1, 4, 1, 5, 1
8, 3, 1, 1, 1, 2, 1
9, 3, 1, 1, 1, 2, 1
10, 4, 1, 2, 1, 2, 1
11, 4, 1, 3, 1, 5, 1
12, 4, 1, 0, 0, 1, 1
13, 0, 0, 1, 1, 1, 1
14, 6, 1, 3, 1, 2, 1
15, 1, 1, 2, 1, 1, 1
16, 5, 1, 2, 1, 3, 1
17, 1, 1, 3, 1, 4, 1
18, 3, 1, 5, 1, 1, 1
19, 3, 1, 1, 1, 6, 1
20, 5, 1, 3, 1, 3, 1
21, 2, 1, 3, 1, 1, 1
22, 4, 1, 2, 1, 2, 1
23, 5, 1, 1, 1, 3, 1
24, 4, 1, 1, 1, 3, 1
25, 4, 1, 2, 1, 3, 1
26, 5, 1, 1, 1, 6, 1
27, 5, 1, 2, 1, 3, 1
28, 2, 1, 5, 1, 7, 1
29, 1, 1, 3, 1, 2, 1
30, 3, 1, 3, 1, 2, 1
31, 7, 1, 3, 1, 4, 1
32, 4, 1, 6, 1, 4, 1
33, 2, 1, 2, 1, 2, 1
34, 2, 1, 4, 1, 4, 1
35, 2, 1, 3, 1, 3, 1
36, 3, 1, 3, 1, 5, 1
37, 3, 1, 2, 1, 7, 1
38, 5, 1, 2, 1, 3, 1
39, 5, 1, 3, 1, 4, 1
40, 4, 1, 0, 0, 3, 1
41, 7, 1, 1, 1, 2, 1
42, 7, 1, 0, 0, 5, 1
43, 5, 1, 5, 1, 8, 1
44, 3, 1, 1, 1, 3, 1
45, 7, 1, 2, 1, 2, 1
46, 4, 1, 0, 0, 3, 1
47, 5, 1, 1, 1, 4, 1
48, 5, 1, 5, 1, 7, 1
49, 3, 1, 1, 1, 3, 1
50, 4, 1, 3, 1, 4, 1
51, 8, 1, 1, 1, 6, 1
52, 4, 1, 3, 1, 3, 1
53, 6, 1, 3, 1, 6, 1
54, 2, 1, 3, 1, 5, 1
55, 2, 1, 5, 1, 4, 1
56, 3, 1, 1, 1, 6, 1
57, 3, 1, 2, 1, 2, 1
58, 3, 1, 3, 1, 4, 1
59, 7, 1, 2, 1, 4, 1
60, 0, 0, 7, 1, 4, 1
61, 3, 1, 2, 1, 3, 1
62, 2, 1, 1, 1, 4, 1
63, 1, 1, 2, 1, 4, 1
64, 2, 1, 5, 1, 4, 1
65, 5, 1, 2, 1, 5, 1
66, 5, 1, 1, 1, 5, 1
67, 6, 1, 2, 1, 5, 1
68, 4, 1, 4, 1, 3, 1
69, 7, 1, 3, 1, 7, 1
70, 7, 1, 3, 1, 2, 1
71, 8, 1, 3, 1, 3, 1
72, 9, 1, 3, 1, 8, 1
73, 14, 1, 2, 1, 5, 1
74, 11, 1, 4, 1, 4, 1
75, 15, 1, 3, 1, 12, 1
76, 15, 1, 2, 1, 12, 1
77, 12, 1, 7, 1, 12, 1
78, 16, 1, 10, 1, 14, 1
79, 15, 1, 8, 1, 10, 1
80, 17, 1, 3, 1, 9, 1
81, 11, 1, 9, 1, 13, 1
82, 11, 1, 5, 1, 14, 1
83, 10, 1, 12, 1, 10, 1
84, 15, 1, 10, 1, 4, 1
85, 12, 1, 6, 1, 7, 1
86, 13, 1, 6, 1, 7, 1
87, 8, 1, 11, 1, 7, 1
88, 5, 1, 8, 1, 13, 1
89, 6, 1, 6, 1, 9, 1
90, 6, 1, 6, 1, 9, 1
91, 12, 1, 4, 1, 10, 1
92, 7, 1, 6, 1, 8, 1
93, 7, 1, 8, 1, 8, 1
94, 8, 1, 8, 1, 3, 1
95, 18, 1, 13, 1, 8, 1
96, 10, 1, 7, 1, 5, 1
97, 11, 1, 9, 1, 10, 1
98, 10, 1, 4, 1, 10, 1
99, 10, 1, 4, 1, 4, 1
100, 11, 1, 6, 1, 8, 1
101, 5, 1, 9, 1, 8, 1
102, 9, 1, 4, 1, 6, 1
103, 7, 1, 2, 1, 9, 1
104, 13, 1, 9, 1, 9, 1
105, 13, 1, 7, 1, 5, 1
106, 5, 1, 10, 1, 8, 1
107, 9, 1, 10, 1, 9, 1
108, 6, 1, 5, 1, 7, 1
109, 16, 1, 9, 1, 8, 1
110, 13, 1, 6, 1, 5, 1
111, 9, 1, 7, 1, 6, 1
112, 8, 1, 8, 1, 6, 1
113, 7, 1, 10, 1, 8, 1
114, 10, 1, 4, 1, 8, 1
115, 9, 1, 6, 1, 4, 1
116, 11, 1, 8, 1, 7, 1
117, 5, 1, 9, 1, 8, 1
118, 6, 1, 9, 1, 11, 1
119, 12, 1, 7, 1, 7, 1
120, 7, 1, 11, 1, 8, 1
121, 7, 1, 4, 1, 8, 1
122, 11, 1, 7, 1, 5, 1
123, 12, 1, 13, 1, 7, 1
124, 10, 1, 10, 1, 10, 1
125, 13, 1, 8, 1, 11, 1
126, 14, 1, 8, 1, 9, 1
127, 11, 1, 5, 1, 12, 1
128, 15, 1, 9, 1, 4, 1
129, 28, 1, 4, 1, 18, 1
130, 0, 0, 0, 0, 0, 0
131, 80, 1, 12, 1, 49, 1
132, 88, 1, 24, 1, 46, 1
133, 103, 1, 35, 1, 52, 1
134, 108, 1, 24, 1, 75, 1
135, 101, 1, 43, 1, 78, 1
136, 77, 1, 41, 1, 70, 1
137, 89, 1, 40, 1, 72, 1
138, 95, 1, 45, 1, 81, 1
139, 76, 1, 43, 1, 52, 1
140, 60, 1, 53, 1, 55, 1
141, 64, 1, 44, 1, 58, 1
142, 59, 1, 38, 1, 41, 1
143, 54, 1, 33, 1, 46, 1
144, 54, 1, 26, 1, 47, 1
145, 40, 1, 31, 1, 38, 1
146, 41, 1, 23, 1, 28, 1
147, 40, 1, 31, 1, 32, 1
148, 47, 1, 22, 1, 33, 1
149, 28, 1, 31, 1, 43, 1
150, 32, 1, 27, 1, 33, 1
151, 21, 1, 30, 1, 38, 1
152, 40, 1, 26, 1, 32, 1
153, 26, 1, 22, 1, 27, 1
154, 32, 1, 23, 1, 24, 1
155, 40, 1, 21, 1, 30, 1
156, 22, 1, 24, 1, 23, 1
157, 26, 1, 17, 1, 29, 1
158, 28, 1, 12, 1, 21, 1
159, 15, 1, 15, 1, 21, 1
160, 24, 1, 27, 1, 26, 1
161, 29, 1, 28, 1, 27, 1
162, 16, 1, 16, 1, 16, 1
163, 16, 1, 17, 1, 36, 1
164, 20, 1, 17, 1, 17, 1
165, 24, 1, 10, 1, 19, 1
166, 24, 1, 19, 1, 17, 1
167, 16, 1, 20, 1, 18, 1
168, 19, 1, 19, 1, 21, 1
169, 18, 1, 15, 1, 22, 1
170, 17, 1, 12, 1, 22, 1
171, 14, 1, 15, 1, 20, 1
172, 18, 1, 15, 1, 14, 1
173, 12, 1, 10, 1, 10, 1
174, 27, 1, 16, 1, 15, 1
175, 16, 1, 16, 1, 14, 1
176, 26, 1, 8, 1, 13, 1
177, 14, 1, 14, 1, 19, 1
178, 17, 1, 14, 1, 21, 1
179, 15, 1, 14, 1, 21, 1
180, 12, 1, 14, 1, 15, 1
181, 10, 1, 9, 1, 15, 1
182, 21, 1, 10, 1, 19, 1
183, 15, 1, 16, 1, 16, 1
184, 26, 1, 10, 1, 15, 1
185, 16, 1, 12, 1, 20, 1
186, 15, 1, 16, 1, 24, 1
187, 14, 1, 12, 1, 16, 1
188, 17, 1, 12, 1, 15, 1
189, 18, 1, 13, 1, 12, 1
190, 16, 1, 11, 1, 13, 1
191, 13, 1, 14, 1, 8, 1
192, 13, 1, 10, 1, 12, 1
193, 18, 1, 10, 1, 11, 1
194, 8, 1, 5, 1, 10, 1
195, 21, 1, 11, 1, 9, 1
196, 16, 1, 11, 1, 12, 1
197, 13, 1, 14, 1, 10, 1
198, 16, 1, 9, 1, 17, 1
199, 14, 1, 10, 1, 11, 1
200, 13, 1, 7, 1, 14, 1
201, 13, 1, 8, 1, 18, 1
202, 24, 1, 12, 1, 17, 1
203, 17, 1, 8, 1, 10, 1
204, 18, 1, 8, 1, 14, 1
205, 15, 1, 7, 1, 11, 1
206, 15, 1, 17, 1, 13, 1
207, 13, 1, 5, 1, 17, 1
208, 24, 1, 6, 1, 14, 1
209, 16, 1, 10, 1, 21, 1
210, 16, 1, 11, 1, 17, 1
211, 15, 1, 16, 1, 13, 1
212, 16, 1, 9, 1, 23, 1
213, 25, 1, 13, 1, 18, 1
214, 26, 1, 12, 1, 9, 1
215, 20, 1, 15, 1, 11, 1
216, 12, 1, 22, 1, 18, 1
217, 16, 1, 14, 1, 13, 1
218, 20, 1, 8, 1, 20, 1
219, 19, 1, 9, 1, 13, 1
220, 13, 1, 11, 1, 17, 1
221, 21, 1, 12, 1, 21, 1
222, 17, 1, 18, 1, 22, 1
223, 14, 1, 8, 1, 17, 1
224, 11, 1, 13, 1, 16, 1
225, 17, 1, 15, 1, 24, 1
226, 22, 1, 17, 1, 25, 1
227, 20, 1, 13, 1, 13, 1
228, 19, 1, 9, 1, 11, 1
229, 11, 1, 19, 1, 10, 1
230, 14, 1, 14, 1, 15, 1
231, 13, 1, 9, 1, 19, 1
232, 15, 1, 11, 1, 15, 1
233, 21, 1, 14, 1, 19, 1
234, 19, 1, 11, 1, 16, 1
235, 16, 1, 8, 1, 17, 1
236, 21, 1, 11, 1, 12, 1
237, 19, 1, 13, 1, 16, 1
238, 12, 1, 18, 1, 14, 1
239, 21, 1, 20, 1, 14, 1
240, 15, 1, 14, 1, 17, 1
241, 15, 1, 14, 1, 17, 1
242, 21, 1, 16, 1, 18, 1
243, 12, 1, 17, 1, 19, 1
244, 21, 1, 16, 1, 15, 1
245, 15, 1, 9, 1, 19, 1
246, 15, 1, 15, 1, 24, 1
247, 15, 1, 17, 1, 8, 1
248, 21, 1, 16, 1, 15, 1
249, 15, 1, 15, 1, 16, 1
250, 15, 1, 10, 1, 21, 1
251, 20, 1, 13, 1, 15, 1
252, 17, 1, 10, 1, 17, 1
253, 14, 1, 16, 1, 16, 1
254, 25, 1, 13, 1, 13, 1
255, 15, 1, 11, 1, 17, 1
256, 23, 1, 11, 1, 19, 1
257, 24, 1, 13, 1, 18, 1
258, 21, 1, 11, 1, 15, 1
259, 0, 0, 0, 0, 0, 0
260, 80, 1, 32, 1, 317, 1
261, 27, 1, 13, 1, 20, 1
262, 45, 1, 11, 1, 23, 1
263, 57, 1, 11, 1, 30, 1
264, 66, 1, 15, 1, 46, 1
265, 89, 1, 18, 1, 51, 1
266, 65, 1, 25, 1, 54, 1
267, 85, 1, 22, 1, 51, 1
268, 94, 1, 30, 1, 58, 1
269, 101, 1, 36, 1, 70, 1
270, 92, 1, 40, 1, 66, 1
271, 91, 1, 35, 1, 81, 1
272, 79, 1, 38, 1, 74, 1
273, 80, 1, 39, 1, 76, 1
274, 73, 1, 32, 1, 69, 1
275, 80, 1, 26, 1, 55, 1
276, 79, 1, 33, 1, 67, 1
277, 87, 1, 29, 1, 67, 1
278, 62, 1, 42, 1, 66, 1
279, 72, 1, 45, 1, 63, 1
280, 78, 1, 42, 1, 89, 1
281, 87, 1, 44, 1, 52, 1
282, 77, 1, 44, 1, 76, 1
283, 85, 1, 35, 1, 63, 1
284, 83, 1, 46, 1, 73, 1
285, 64, 1, 42, 1, 65, 1
286, 73, 1, 43, 1, 67, 1
287, 64, 1, 40, 1, 76, 1
288, 74, 1, 54, 1, 68, 1
289, 87, 1, 37, 1, 54, 1
290, 79, 1, 41, 1, 61, 1
291, 63, 1, 50, 1, 64, 1
292, 70, 1, 43, 1, 63, 1
293, 63, 1, 36, 1, 61, 1
294, 84, 1, 38, 1, 78, 1
295, 58, 1, 41, 1, 39, 1
296, 42, 1, 42, 1, 51, 1
297, 72, 1, 37, 1, 42, 1
298, 57, 1, 32, 1, 67, 1
299, 60, 1, 37, 1, 61, 1
300, 55, 1, 38, 1, 45, 1
301, 57, 1, 51, 1, 51, 1
302, 62, 1, 43, 1, 47, 1
303, 57, 1, 39, 1, 46, 1
304, 61, 1, 56, 1, 52, 1
305, 78, 1, 38, 1, 72, 1
306, 51, 1, 49, 1, 64, 1
307, 79, 1, 37, 1, 72, 1
308, 88, 1, 39, 1, 61, 1
309, 80, 1, 39, 1, 81, 1
310, 78, 1, 50, 1, 76, 1
311, 78, 1, 45, 1, 62, 1
312, 86, 1, 44, 1, 51, 1
313, 75, 1, 67, 1, 58, 1
314, 65, 1, 41, 1, 72, 1
315, 61, 1, 34, 1, 54, 1
316, 82, 1, 53, 1, 68, 1
317, 64, 1, 50, 1, 76, 1
318, 76, 1, 47, 1, 64, 1
319, 106, 1, 41, 1, 73, 1
320, 79, 1, 31, 1, 66, 1
321, 82, 1, 54, 1, 65, 1
322, 81, 1, 46, 1, 59, 1
323, 77, 1, 45, 1, 67, 1
324, 67, 1, 44, 1, 76, 1
325, 71, 1, 39, 1, 71, 1
326, 68, 1, 58, 1, 68, 1
327, 72, 1, 48, 1, 86, 1
328, 78, 1, 40, 1, 65, 1
329, 66, 1, 40, 1, 43, 1
330, 67, 1, 56, 1, 67, 1
331, 82, 1, 39, 1, 66, 1
332, 69, 1, 43, 1, 68, 1
333, 61, 1, 45, 1, 64, 1
334, 80, 1, 44, 1, 72, 1
335, 66, 1, 33, 1, 70, 1
336, 67, 1, 51, 1, 61, 1
337, 54, 1, 48, 1, 52, 1
338, 59, 1, 46, 1, 62, 1
339, 50, 1, 50, 1, 72, 1
340, 76, 1, 54, 1, 64, 1
341, 71, 1, 45, 1, 56, 1
342, 63, 1, 48, 1, 62, 1
343, 60, 1, 0, 0, 58, 1
344, 72, 1, 55, 1, 55, 1
345, 67, 1, 35, 1, 68, 1
346, 43, 1, 38, 1, 57, 1
347, 50, 1, 47, 1, 46, 1
348, 52, 1, 43, 1, 56, 1
349, 69, 1, 38, 1, 61, 1
350, 48, 1, 37, 1, 55, 1
351, 43, 1, 47, 1, 73, 1
352, 39, 1, 51, 1, 67, 1
353, 53, 1, 43, 1, 66, 1
354, 44, 1, 46, 1, 49, 1
355, 49, 1, 34, 1, 61, 1
356, 62, 1, 37, 1, 46, 1
357, 47, 1, 41, 1, 52, 1
358, 53, 1, 35, 1, 47, 1
359, 52, 1, 35, 1, 58, 1
360, 52, 1, 39, 1, 56, 1
361, 52, 1, 29, 1, 45, 1
362, 53, 1, 40, 1, 57, 1
363, 50, 1, 43, 1, 47, 1
364, 53, 1, 53, 1, 35, 1
365, 48, 1, 49, 1, 55, 1
366, 48, 1, 30, 1, 47, 1
367, 48, 1, 36, 1, 37, 1
368, 29, 1, 33, 1, 61, 1
369, 54, 1, 42, 1, 52, 1
370, 45, 1, 34, 1, 47, 1
371, 59, 1, 36, 1, 58, 1
372, 51, 1, 45, 1, 59, 1
373, 41, 1, 34, 1, 45, 1
374, 48, 1, 30, 1, 49, 1
375, 39, 1, 34, 1, 49, 1
376, 49, 1, 46, 1, 45, 1
377, 53, 1, 40, 1, 46, 1
378, 51, 1, 39, 1, 62, 1
379, 45, 1, 37, 1, 55, 1
380, 40, 1, 30, 1, 52, 1
381, 38, 1, 41, 1, 53, 1
382, 46, 1, 36, 1, 56, 1
383, 38, 1, 35, 1, 48, 1
384, 49, 1, 46, 1, 39, 1
385, 41, 1, 35, 1, 53, 1
386, 35, 1, 28, 1, 44, 1
387, 76, 1, 66, 1, 249, 1
388, 0, 0, 0, 0, 0, 0
389, 91, 1, 128, 1, 501, 1
390, 48, 1, 46, 1, 55, 1
391, 40, 1, 31, 1, 57, 1
392, 38, 1, 34, 1, 74, 1
393, 37, 1, 24, 1, 51, 1
394, 48, 1, 34, 1, 51, 1
395, 51, 1, 38, 1, 54, 1
396, 57, 1, 41, 1, 60, 1
397, 39, 1, 29, 1, 55, 1
398, 45, 1, 33, 1, 61, 1
399, 54, 1, 22, 1, 42, 1
400, 37, 1, 41, 1, 51, 1
401, 39, 1, 46, 1, 40, 1
402, 38, 1, 30, 1, 42, 1
403, 45, 1, 40, 1, 60, 1
404, 35, 1, 37, 1, 46, 1
405, 39, 1, 48, 1, 53, 1
406, 55, 1, 42, 1, 49, 1
407, 33, 1, 36, 1, 55, 1
408, 48, 1, 51, 1, 62, 1
409, 38, 1, 33, 1, 63, 1
410, 34, 1, 31, 1, 44, 1
411, 54, 1, 34, 1, 57, 1
412, 42, 1, 27, 1, 47, 1
413, 41, 1, 32, 1, 58, 1
414, 47, 1, 43, 1, 57, 1
415, 54, 1, 34, 1, 64, 1
416, 48, 1, 38, 1, 60, 1
417, 44, 1, 37, 1, 50, 1
418, 44, 1, 37, 1, 66, 1
419, 44, 1, 41, 1, 67, 1
420, 54, 1, 33, 1, 62, 1
421, 46, 1, 44, 1, 12, 1
422, 49, 1, 41, 1, 91, 1
423, 51, 1, 33, 1, 66, 1
424, 51, 1, 31, 1, 50, 1
425, 44, 1, 36, 1, 53, 1
426, 39, 1, 47, 1, 60, 1
427, 37, 1, 27, 1, 62, 1
428, 31, 1, 39, 1, 54, 1
429, 36, 1, 36, 1, 64, 1
430, 36, 1, 32, 1, 41, 1
431, 50, 1, 26, 1, 67, 1
432, 37, 1, 36, 1, 55, 1
433, 47, 1, 54, 1, 74, 1
434, 40, 1, 42, 1, 72, 1
435, 0, 0, 26, 1, 69, 1
436, 43, 1, 39, 1, 61, 1
437, 44, 1, 48, 1, 75, 1
438, 52, 1, 52, 1, 77, 1
439, 59, 1, 47, 1, 71, 1
440, 47, 1, 47, 1, 69, 1
441, 49, 1, 41, 1, 70, 1
442, 59, 1, 49, 1, 74, 1
443, 73, 1, 54, 1, 68, 1
444, 68, 1, 46, 1, 69, 1
445, 57, 1, 39, 1, 74, 1
446, 50, 1, 52, 1, 82, 1
447, 57, 1, 56, 1, 80, 1
448, 65, 1, 55, 1, 68, 1
449, 54, 1, 61, 1, 82, 1
450, 71, 1, 65, 1, 72, 1
451, 47, 1, 46, 1, 83, 1
452, 74, 1, 56, 1, 78, 1
453, 58, 1, 46, 1, 82, 1
454, 69, 1, 56, 1, 75, 1
455, 52, 1, 59, 1, 89, 1
456, 63, 1, 53, 1, 80, 1
457, 68, 1, 60, 1, 89, 1
458, 68, 1, 62, 1, 92, 1
459, 65, 1, 56, 1, 82, 1
460, 65, 1, 61, 1, 66, 1
461, 61, 1, 52, 1, 78, 1
462, 78, 1, 56, 1, 89, 1
463, 55, 1, 54, 1, 82, 1
464, 56, 1, 63, 1, 69, 1
465, 56, 1, 47, 1, 83, 1
466, 57, 1, 57, 1, 70, 1
467, 67, 1, 52, 1, 76, 1
468, 71, 1, 45, 1, 91, 1
469, 41, 1, 46, 1, 83, 1
470, 71, 1, 49, 1, 78, 1
471, 65, 1, 56, 1, 94, 1
472, 53, 1, 60, 1, 81, 1
473, 53, 1, 63, 1, 76, 1
474, 60, 1, 53, 1, 74, 1
475, 56, 1, 54, 1, 87, 1
476, 71, 1, 38, 1, 61, 1
477, 72, 1, 55, 1, 87, 1
478, 69, 1, 43, 1, 77, 1
479, 54, 1, 61, 1, 65, 1
480, 63, 1, 62, 1, 81, 1
481, 58, 1, 48, 1, 75, 1
482, 64, 1, 63, 1, 70, 1
483, 66, 1, 62, 1, 85, 1
484, 51, 1, 58, 1, 77, 1
485, 68, 1, 59, 1, 87, 1
486, 48, 1, 70, 1, 91, 1
487, 53, 1, 59, 1, 91, 1
488, 74, 1, 52, 1, 103, 1
489, 47, 1, 65, 1, 80, 1
490, 77, 1, 55, 1, 96, 1
491, 69, 1, 60, 1, 82, 1
492, 76, 1, 66, 1, 91, 1
493, 68, 1, 0, 0, 83, 1
494, 58, 1, 72, 1, 106, 1
495, 66, 1, 67, 1, 88, 1
496, 73, 1, 72, 1, 81, 1
497, 72, 1, 68, 1, 73, 1
498, 75, 1, 52, 1, 78, 1
499, 77, 1, 52, 1, 96, 1
500, 74, 1, 62, 1, 78, 1
501, 71, 1, 60, 1, 91, 1
502, 69, 1, 60, 1, 95, 1
503, 79, 1, 60, 1, 90, 1
504, 68, 1, 73, 1, 101, 1
505, 63, 1, 68, 1, 111, 1
506, 74, 1, 64, 1, 73, 1
507, 66, 1, 76, 1, 88, 1
508, 78, 1, 62, 1, 83, 1
509, 69, 1, 82, 1, 102, 1
510, 66, 1, 74, 1, 72, 1
511, 75, 1, 81, 1, 104, 1
512, 63, 1, 49, 1, 94, 1
513, 71, 1, 64, 1, 87, 1
514, 70, 1, 70, 1, 92, 1
515, 81, 1, 85, 1, 113, 1
516, 84, 1, 199, 1, 1113, 1
