Channel, mod_0_Entries, mod_0_OnOff, mod_1_Entries, mod_1_OnOff, mod_2_Entries, mod_2_OnOff,
0, 0, 0, 0, 0, 0, 0
1, 0, 0, 0, 0, 0, 0
2, 1, 1, 0, 0, 0, 0
3, 0, 0, 0, 0, 1, 1
4, 0, 0, 0, 0, 1, 1
5, 1, 1, 0, 0, 0, 0
6, 0, 0, 0, 0, 0, 0
7, 0, 0, 0, 0, 0, 0
8, 1, 1, 0, 0, 0, 0
9, 1, 1, 0, 0, 1, 1
10, 2, 1, 0, 0, 1, 1
11, 2, 1, 0, 0, 0, 0
12, 1, 1, 0, 0, 0, 0
13, 0, 0, 0, 0, 0, 0
14, 0, 0, 0, 0, 1, 1
15, 0, 0, 0, 0, 0, 0
16, 0, 0, 0, 0, 0, 0
17, 0, 0, 0, 0, 0, 0
18, 0, 0, 0, 0, 0, 0
19, 0, 0, 0, 0, 0, 0
20, 0, 0, 0, 0, 1, 1
21, 1, 1, 0, 0, 1, 1
22, 0, 0, 0, 0, 1, 1
23, 1, 1, 0, 0, 0, 0
24, 0, 0, 0, 0, 0, 0
25, 1, 1, 0, 0, 2, 1
26, 0, 0, 0, 0, 5, 1
27, 1, 1, 0, 0, 0, 0
28, 0, 0, 1, 1, 2, 1
29, 0, 0, 0, 0, 0, 0
30, 0, 0, 0, 0, 0, 0
31, 2, 1, 0, 0, 1, 1
32, 0, 0, 0, 0, 0, 0
33, 1, 1, 0, 0, 0, 0
34, 1, 1, 0, 0, 2, 1
35, 0, 0, 0, 0, 1, 1
36, 0, 0, 0, 0, 2, 1
37, 0, 0, 0, 0, 0, 0
38, 2, 1, 0, 0, 1, 1
39, 0, 0, 0, 0, 0, 0
40, 0, 0, 0, 0, 0, 0
41, 1, 1, 0, 0, 0, 0
42, 2, 1, 0, 0, 0, 0
43, 1, 1, 0, 0, 0, 0
44, 0, 0, 0, 0, 1, 1
45, 2, 1, 0, 0, 0, 0
46, 1, 1, 0, 0, 0, 0
47, 1, 1, 0, 0, 0, 0
48, 2, 1, 0, 0, 0, 0
49, 0, 0, 0, 0, 0, 0
50, 2, 1, 0, 0, 1, 1
51, 1, 1, 0, 0, 2, 1
52, 0, 0, 0, 0, 0, 0
53, 0, 0, 0, 0, 1, 1
54, 0, 0, 0, 0, 0, 0
55, 1, 1, 0, 0, 0, 0
56, 0, 0, 0, 0, 2, 1
57, 3, 1, 1, 1, 0, 0
58, 1, 1, 1, 1, 1, 1
59, 0, 0, 0, 0, 0, 0
60, 0, 0, 0, 0, 0, 0
61, 0, 0, 1, 1, 1, 1
62, 0, 0, 0, 0, 1, 1
63, 0, 0, 0, 0, 0, 0
64, 0, 0, 1, 1, 1, 1
65, 1, 1, 0, 0, 0, 0
66, 3, 1, 0, 0, 2, 1
67, 2, 1, 0, 0, 0, 0
68, 1, 1, 0, 0, 2, 1
69, 2, 1, 0, 0, 1, 1
70, 2, 1, 0, 0, 1, 1
71, 3, 1, 0, 0, 0, 0
72, 6, 1, 0, 0, 2, 1
73, 11, 1, 0, 0, 1, 1
74, 11, 1, 0, 0, 0, 0
75, 12, 1, 0, 0, 7, 1
76, 8, 1, 0, 0, 8, 1
77, 10, 1, 0, 0, 6, 1
78, 8, 1, 0, 0, 9, 1
79, 10, 1, 0, 0, 6, 1
80, 16, 1, 0, 0, 4, 1
81, 10, 1, 0, 0, 10, 1
82, 8, 1, 0, 0, 8, 1
83, 7, 1, 0, 0, 5, 1
84, 10, 1, 0, 0, 3, 1
85, 7, 1, 0, 0, 2, 1
86, 8, 1, 0, 0, 6, 1
87, 5, 1, 0, 0, 2, 1
88, 4, 1, 0, 0, 5, 1
89, 5, 1, 0, 0, 5, 1
90, 5, 1, 1, 1, 5, 1
91, 7, 1, 0, 0, 6, 1
92, 7, 1, 0, 0, 2, 1
93, 3, 1, 0, 0, 5, 1
94, 5, 1, 0, 0, 1, 1
95, 12, 1, 1, 1, 5, 1
96, 7, 1, 0, 0, 4, 1
97, 7, 1, 0, 0, 5, 1
98, 5, 1, 0, 0, 3, 1
99, 7, 1, 0, 0, 1, 1
100, 8, 1, 0, 0, 4, 1
101, 3, 1, 0, 0, 4, 1
102, 7, 1, 0, 0, 4, 1
103, 3, 1, 0, 0, 1, 1
104, 9, 1, 0, 0, 5, 1
105, 8, 1, 0, 0, 5, 1
106, 3, 1, 0, 0, 4, 1
107, 6, 1, 0, 0, 3, 1
108, 3, 1, 0, 0, 4, 1
109, 8, 1, 1, 1, 4, 1
110, 6, 1, 0, 0, 1, 1
111, 6, 1, 0, 0, 5, 1
112, 6, 1, 0, 0, 3, 1
113, 3, 1, 0, 0, 1, 1
114, 5, 1, 0, 0, 2, 1
115, 6, 1, 0, 0, 1, 1
116, 5, 1, 0, 0, 3, 1
117, 2, 1, 0, 0, 4, 1
118, 3, 1, 0, 0, 3, 1
119, 9, 1, 0, 0, 5, 1
120, 3, 1, 0, 0, 3, 1
121, 4, 1, 0, 0, 6, 1
122, 6, 1, 0, 0, 2, 1
123, 8, 1, 0, 0, 4, 1
124, 5, 1, 0, 0, 7, 1
125, 7, 1, 0, 0, 5, 1
126, 6, 1, 0, 0, 4, 1
127, 6, 1, 0, 0, 2, 1
128, 11, 1, 0, 0, 3, 1
129, 20, 1, 0, 0, 8, 1
130, 0, 0, 0, 0, 0, 0
131, 53, 1, 0, 0, 35, 1
132, 51, 1, 0, 0, 38, 1
133, 24, 1, 0, 0, 40, 1
134, 91, 1, 0, 0, 63, 1
135, 81, 1, 0, 0, 61, 1
136, 54, 1, 0, 0, 60, 1
137, 68, 1, 0, 0, 53, 1
138, 63, 1, 0, 0, 54, 1
139, 46, 1, 0, 0, 37, 1
140, 50, 1, 0, 0, 45, 1
141, 49, 1, 0, 0, 47, 1
142, 45, 1, 0, 0, 30, 1
143, 46, 1, 0, 0, 35, 1
144, 43, 1, 0, 0, 35, 1
145, 25, 1, 0, 0, 34, 1
146, 29, 1, 0, 0, 21, 1
147, 26, 1, 0, 0, 19, 1
148, 25, 1, 0, 0, 23, 1
149, 16, 1, 0, 0, 34, 1
150, 22, 1, 0, 0, 28, 1
151, 12, 1, 0, 0, 27, 1
152, 20, 1, 0, 0, 21, 1
153, 20, 1, 0, 0, 19, 1
154, 13, 1, 0, 0, 16, 1
155, 23, 1, 0, 0, 20, 1
156, 14, 1, 0, 0, 16, 1
157, 18, 1, 0, 0, 20, 1
158, 16, 1, 0, 0, 15, 1
159, 13, 1, 0, 0, 16, 1
160, 16, 1, 0, 0, 18, 1
161, 23, 1, 0, 0, 16, 1
162, 10, 1, 0, 0, 11, 1
163, 10, 1, 0, 0, 27, 1
164, 10, 1, 0, 0, 14, 1
165, 12, 1, 0, 0, 15, 1
166, 19, 1, 0, 0, 12, 1
167, 10, 1, 0, 0, 11, 1
168, 14, 1, 0, 0, 16, 1
169, 9, 1, 0, 0, 13, 1
170, 8, 1, 0, 0, 14, 1
171, 9, 1, 1, 1, 15, 1
172, 15, 1, 0, 0, 10, 1
173, 10, 1, 0, 0, 7, 1
174, 16, 1, 0, 0, 10, 1
175, 13, 1, 0, 0, 10, 1
176, 20, 1, 0, 0, 8, 1
177, 11, 1, 0, 0, 13, 1
178, 7, 1, 0, 0, 17, 1
179, 9, 1, 0, 0, 11, 1
180, 10, 1, 0, 0, 13, 1
181, 7, 1, 0, 0, 9, 1
182, 14, 1, 0, 0, 13, 1
183, 12, 1, 0, 0, 12, 1
184, 16, 1, 0, 0, 8, 1
185, 11, 1, 0, 0, 12, 1
186, 8, 1, 0, 0, 18, 1
187, 8, 1, 0, 0, 12, 1
188, 13, 1, 0, 0, 7, 1
189, 8, 1, 0, 0, 9, 1
190, 11, 1, 0, 0, 7, 1
191, 5, 1, 0, 0, 5, 1
192, 4, 1, 0, 0, 10, 1
193, 10, 1, 0, 0, 7, 1
194, 6, 1, 0, 0, 5, 1
195, 17, 1, 0, 0, 4, 1
196, 10, 1, 0, 0, 7, 1
197, 9, 1, 0, 0, 10, 1
198, 8, 1, 0, 0, 10, 1
199, 9, 1, 0, 0, 6, 1
200, 12, 1, 0, 0, 9, 1
201, 3, 1, 0, 0, 11, 1
202, 16, 1, 0, 0, 10, 1
203, 8, 1, 0, 0, 8, 1
204, 10, 1, 0, 0, 9, 1
205, 6, 1, 0, 0, 3, 1
206, 8, 1, 0, 0, 8, 1
207, 6, 1, 0, 0, 7, 1
208, 11, 1, 0, 0, 11, 1
209, 6, 1, 0, 0, 14, 1
210, 8, 1, 0, 0, 13, 1
211, 6, 1, 0, 0, 10, 1
212, 6, 1, 0, 0, 12, 1
213, 10, 1, 0, 0, 11, 1
214, 11, 1, 0, 0, 7, 1
215, 9, 1, 0, 0, 8, 1
216, 2, 1, 0, 0, 12, 1
217, 6, 1, 1, 1, 6, 1
218, 7, 1, 0, 0, 14, 1
219, 10, 1, 0, 0, 9, 1
220, 3, 1, 0, 0, 10, 1
221, 11, 1, 0, 0, 13, 1
222, 7, 1, 0, 0, 12, 1
223, 11, 1, 0, 0, 7, 1
224, 4, 1, 0, 0, 10, 1
225, 7, 1, 0, 0, 17, 1
226, 17, 1, 0, 0, 12, 1
227, 7, 1, 0, 0, 6, 1
228, 12, 1, 0, 0, 4, 1
229, 8, 1, 0, 0, 7, 1
230, 8, 1, 0, 0, 12, 1
231, 5, 1, 0, 0, 14, 1
232, 9, 1, 0, 0, 10, 1
233, 11, 1, 0, 0, 11, 1
234, 9, 1, 0, 0, 12, 1
235, 10, 1, 0, 0, 12, 1
236, 12, 1, 0, 0, 9, 1
237, 10, 1, 0, 0, 10, 1
238, 8, 1, 0, 0, 9, 1
239, 16, 1, 0, 0, 7, 1
240, 11, 1, 0, 0, 12, 1
241, 10, 1, 0, 0, 13, 1
242, 16, 1, 0, 0, 14, 1
243, 5, 1, 0, 0, 7, 1
244, 12, 1, 0, 0, 10, 1
245, 9, 1, 0, 0, 11, 1
246, 9, 1, 0, 0, 18, 1
247, 7, 1, 0, 0, 5, 1
248, 15, 1, 0, 0, 8, 1
249, 9, 1, 0, 0, 9, 1
250, 10, 1, 0, 0, 16, 1
251, 14, 1, 0, 0, 9, 1
252, 6, 1, 0, 0, 12, 1
253, 10, 1, 0, 0, 12, 1
254, 14, 1, 0, 0, 6, 1
255, 10, 1, 0, 0, 10, 1
256, 16, 1, 0, 0, 10, 1
257, 12, 1, 0, 0, 11, 1
258, 11, 1, 0, 0, 10, 1
259, 0, 0, 0, 0, 0, 0
260, 3, 1, 6, 1, 20, 1
261, 2, 1, 7, 1, 7, 1
262, 0, 0, 5, 1, 9, 1
263, 1, 1, 5, 1, 11, 1
264, 1, 1, 4, 1, 17, 1
265, 3, 1, 3, 1, 18, 1
266, 4, 1, 6, 1, 16, 1
267, 2, 1, 6, 1, 12, 1
268, 3, 1, 9, 1, 8, 1
269, 1, 1, 5, 1, 16, 1
270, 3, 1, 8, 1, 18, 1
271, 2, 1, 10, 1, 22, 1
272, 1, 1, 3, 1, 18, 1
273, 0, 0, 6, 1, 17, 1
274, 0, 0, 4, 1, 16, 1
275, 2, 1, 5, 1, 19, 1
276, 1, 1, 7, 1, 22, 1
277, 1, 1, 4, 1, 15, 1
278, 0, 0, 12, 1, 19, 1
279, 6, 1, 11, 1, 13, 1
280, 0, 0, 15, 1, 23, 1
281, 3, 1, 13, 1, 20, 1
282, 0, 0, 10, 1, 34, 1
283, 1, 1, 5, 1, 17, 1
284, 0, 0, 18, 1, 27, 1
285, 1, 1, 10, 1, 23, 1
286, 1, 1, 14, 1, 17, 1
287, 3, 1, 9, 1, 17, 1
288, 0, 0, 7, 1, 18, 1
289, 1, 1, 9, 1, 17, 1
290, 2, 1, 8, 1, 15, 1
291, 1, 1, 14, 1, 19, 1
292, 1, 1, 15, 1, 21, 1
293, 1, 1, 9, 1, 28, 1
294, 2, 1, 6, 1, 30, 1
295, 1, 1, 11, 1, 16, 1
296, 2, 1, 15, 1, 21, 1
297, 3, 1, 9, 1, 15, 1
298, 3, 1, 5, 1, 24, 1
299, 4, 1, 7, 1, 15, 1
300, 2, 1, 10, 1, 17, 1
301, 0, 0, 14, 1, 25, 1
302, 1, 1, 13, 1, 21, 1
303, 1, 1, 9, 1, 18, 1
304, 5, 1, 13, 1, 25, 1
305, 5, 1, 15, 1, 32, 1
306, 1, 1, 15, 1, 27, 1
307, 1, 1, 11, 1, 20, 1
308, 3, 1, 11, 1, 29, 1
309, 2, 1, 14, 1, 38, 1
310, 1, 1, 23, 1, 28, 1
311, 3, 1, 17, 1, 21, 1
312, 3, 1, 17, 1, 26, 1
313, 7, 1, 17, 1, 25, 1
314, 4, 1, 18, 1, 23, 1
315, 2, 1, 16, 1, 22, 1
316, 4, 1, 15, 1, 24, 1
317, 0, 0, 15, 1, 29, 1
318, 5, 1, 19, 1, 23, 1
319, 2, 1, 10, 1, 35, 1
320, 2, 1, 7, 1, 31, 1
321, 2, 1, 20, 1, 25, 1
322, 1, 1, 12, 1, 21, 1
323, 1, 1, 15, 1, 32, 1
324, 1, 1, 12, 1, 31, 1
325, 2, 1, 12, 1, 31, 1
326, 1, 1, 22, 1, 36, 1
327, 4, 1, 22, 1, 33, 1
328, 1, 1, 11, 1, 37, 1
329, 1, 1, 13, 1, 19, 1
330, 4, 1, 22, 1, 28, 1
331, 3, 1, 12, 1, 38, 1
332, 3, 1, 16, 1, 29, 1
333, 1, 1, 14, 1, 33, 1
334, 5, 1, 12, 1, 28, 1
335, 7, 1, 11, 1, 28, 1
336, 4, 1, 24, 1, 26, 1
337, 5, 1, 21, 1, 22, 1
338, 4, 1, 17, 1, 22, 1
339, 4, 1, 17, 1, 35, 1
340, 3, 1, 16, 1, 31, 1
341, 6, 1, 19, 1, 26, 1
342, 2, 1, 18, 1, 24, 1
343, 3, 1, 0, 0, 26, 1
344, 6, 1, 27, 1, 21, 1
345, 3, 1, 17, 1, 28, 1
346, 3, 1, 18, 1, 33, 1
347, 3, 1, 17, 1, 27, 1
348, 0, 0, 13, 1, 21, 1
349, 2, 1, 12, 1, 29, 1
350, 0, 0, 17, 1, 24, 1
351, 4, 1, 25, 1, 33, 1
352, 2, 1, 21, 1, 32, 1
353, 5, 1, 20, 1, 30, 1
354, 3, 1, 19, 1, 23, 1
355, 2, 1, 18, 1, 31, 1
356, 6, 1, 15, 1, 20, 1
357, 3, 1, 21, 1, 22, 1
358, 4, 1, 21, 1, 25, 1
359, 2, 1, 21, 1, 35, 1
360, 4, 1, 15, 1, 34, 1
361, 4, 1, 12, 1, 16, 1
362, 3, 1, 18, 1, 29, 1
363, 3, 1, 18, 1, 22, 1
364, 2, 1, 29, 1, 16, 1
365, 4, 1, 19, 1, 27, 1
366, 5, 1, 16, 1, 23, 1
367, 3, 1, 16, 1, 17, 1
368, 0, 0, 18, 1, 32, 1
369, 1, 1, 19, 1, 30, 1
370, 4, 1, 19, 1, 21, 1
371, 3, 1, 22, 1, 32, 1
372, 3, 1, 27, 1, 32, 1
373, 2, 1, 13, 1, 26, 1
374, 2, 1, 18, 1, 29, 1
375, 3, 1, 17, 1, 32, 1
376, 3, 1, 19, 1, 23, 1
377, 4, 1, 12, 1, 34, 1
378, 5, 1, 18, 1, 36, 1
379, 1, 1, 18, 1, 37, 1
380, 3, 1, 15, 1, 35, 1
381, 4, 1, 17, 1, 35, 1
382, 5, 1, 15, 1, 41, 1
383, 0, 0, 17, 1, 25, 1
384, 5, 1, 22, 1, 22, 1
385, 2, 1, 17, 1, 34, 1
386, 3, 1, 15, 1, 29, 1
387, 4, 1, 22, 1, 28, 1
388, 0, 0, 0, 0, 0, 0
389, 11, 1, 29, 1, 31, 1
390, 2, 1, 21, 1, 23, 1
391, 2, 1, 19, 1, 31, 1
392, 3, 1, 21, 1, 44, 1
393, 7, 1, 13, 1, 20, 1
394, 0, 0, 24, 1, 31, 1
395, 2, 1, 23, 1, 25, 1
396, 2, 1, 27, 1, 32, 1
397, 2, 1, 15, 1, 23, 1
398, 2, 1, 19, 1, 35, 1
399, 5, 1, 16, 1, 22, 1
400, 2, 1, 18, 1, 20, 1
401, 2, 1, 30, 1, 18, 1
402, 5, 1, 13, 1, 21, 1
403, 1, 1, 21, 1, 28, 1
404, 2, 1, 23, 1, 26, 1
405, 6, 1, 29, 1, 31, 1
406, 1, 1, 25, 1, 26, 1
407, 2, 1, 22, 1, 32, 1
408, 3, 1, 25, 1, 34, 1
409, 2, 1, 21, 1, 24, 1
410, 2, 1, 20, 1, 19, 1
411, 5, 1, 21, 1, 29, 1
412, 7, 1, 16, 1, 22, 1
413, 5, 1, 20, 1, 32, 1
414, 5, 1, 26, 1, 29, 1
415, 2, 1, 19, 1, 30, 1
416, 4, 1, 14, 1, 36, 1
417, 2, 1, 24, 1, 16, 1
418, 6, 1, 21, 1, 32, 1
419, 3, 1, 21, 1, 26, 1
420, 2, 1, 19, 1, 34, 1
421, 3, 1, 29, 1, 7, 1
422, 6, 1, 25, 1, 44, 1
423, 6, 1, 23, 1, 31, 1
424, 5, 1, 14, 1, 19, 1
425, 4, 1, 20, 1, 19, 1
426, 0, 0, 29, 1, 25, 1
427, 3, 1, 19, 1, 29, 1
428, 3, 1, 20, 1, 31, 1
429, 1, 1, 24, 1, 36, 1
430, 5, 1, 17, 1, 17, 1
431, 6, 1, 14, 1, 23, 1
432, 6, 1, 20, 1, 29, 1
433, 2, 1, 24, 1, 32, 1
434, 2, 1, 26, 1, 36, 1
435, 0, 0, 14, 1, 30, 1
436, 3, 1, 22, 1, 37, 1
437, 2, 1, 22, 1, 33, 1
438, 4, 1, 27, 1, 45, 1
439, 4, 1, 21, 1, 24, 1
440, 4, 1, 20, 1, 29, 1
441, 7, 1, 17, 1, 45, 1
442, 7, 1, 26, 1, 39, 1
443, 4, 1, 23, 1, 38, 1
444, 5, 1, 22, 1, 24, 1
445, 5, 1, 15, 1, 26, 1
446, 4, 1, 29, 1, 34, 1
447, 2, 1, 25, 1, 42, 1
448, 2, 1, 30, 1, 27, 1
449, 2, 1, 32, 1, 33, 1
450, 3, 1, 33, 1, 26, 1
451, 5, 1, 17, 1, 29, 1
452, 6, 1, 29, 1, 29, 1
453, 3, 1, 18, 1, 41, 1
454, 6, 1, 24, 1, 35, 1
455, 3, 1, 29, 1, 35, 1
456, 6, 1, 28, 1, 37, 1
457, 4, 1, 23, 1, 25, 1
458, 8, 1, 22, 1, 28, 1
459, 3, 1, 28, 1, 33, 1
460, 7, 1, 29, 1, 26, 1
461, 3, 1, 28, 1, 32, 1
462, 6, 1, 26, 1, 36, 1
463, 6, 1, 22, 1, 33, 1
464, 5, 1, 32, 1, 27, 1
465, 3, 1, 21, 1, 37, 1
466, 3, 1, 33, 1, 23, 1
467, 2, 1, 22, 1, 29, 1
468, 4, 1, 21, 1, 37, 1
469, 5, 1, 19, 1, 34, 1
470, 9, 1, 23, 1, 27, 1
471, 3, 1, 20, 1, 37, 1
472, 1, 1, 30, 1, 36, 1
473, 4, 1, 28, 1, 36, 1
474, 5, 1, 19, 1, 25, 1
475, 2, 1, 27, 1, 38, 1
476, 8, 1, 13, 1, 22, 1
477, 3, 1, 21, 1, 40, 1
478, 7, 1, 22, 1, 31, 1
479, 3, 1, 23, 1, 30, 1
480, 5, 1, 34, 1, 32, 1
481, 5, 1, 25, 1, 34, 1
482, 7, 1, 28, 1, 28, 1
483, 3, 1, 30, 1, 31, 1
484, 2, 1, 26, 1, 36, 1
485, 4, 1, 21, 1, 35, 1
486, 2, 1, 35, 1, 42, 1
487, 8, 1, 24, 1, 36, 1
488, 6, 1, 26, 1, 45, 1
489, 7, 1, 32, 1, 44, 1
490, 4, 1, 31, 1, 37, 1
491, 4, 1, 28, 1, 35, 1
492, 11, 1, 33, 1, 48, 1
493, 4, 1, 0, 0, 30, 1
494, 6, 1, 22, 1, 44, 1
495, 2, 1, 25, 1, 46, 1
496, 7, 1, 26, 1, 40, 1
497, 5, 1, 20, 1, 32, 1
498, 12, 1, 23, 1, 27, 1
499, 6, 1, 24, 1, 47, 1
500, 3, 1, 29, 1, 30, 1
501, 9, 1, 22, 1, 32, 1
502, 3, 1, 26, 1, 39, 1
503, 5, 1, 35, 1, 37, 1
504, 5, 1, 32, 1, 44, 1
505, 4, 1, 21, 1, 43, 1
506, 7, 1, 22, 1, 33, 1
507, 9, 1, 31, 1, 37, 1
508, 5, 1, 24, 1, 38, 1
509, 5, 1, 31, 1, 41, 1
510, 3, 1, 26, 1, 19, 1
511, 8, 1, 32, 1, 39, 1
512, 4, 1, 21, 1, 41, 1
513, 2, 1, 31, 1, 37, 1
514, 5, 1, 32, 1, 35, 1
515, 4, 1, 36, 1, 28, 1
516, 4, 1, 32, 1, 60, 1
